# Posterior samples for M33_X-7
# Extracted from Liu et al. 2008, ApJ 679, L37-L40, Fig. 3.
# Columns: BH mass M [Msol] | BH spin a*
1.095393879e+01 6.054591336e-01
1.150074412e+01 6.433491772e-01
1.152451827e+01 6.313135163e-01
1.154829241e+01 6.941664122e-01
1.157206656e+01 6.397830555e-01
1.161961485e+01 6.674204991e-01
1.170282435e+01 6.437949425e-01
1.185735630e+01 6.888172296e-01
1.185735630e+01 6.473610642e-01
1.192867873e+01 6.803476904e-01
1.197622702e+01 6.540475425e-01
1.198811409e+01 7.164546732e-01
1.198811409e+01 7.084308992e-01
1.207132360e+01 7.155631427e-01
1.209509775e+01 6.598424904e-01
1.209509775e+01 7.222496210e-01
1.215453311e+01 6.593967251e-01
1.216642018e+01 7.173462036e-01
1.221396847e+01 6.589509599e-01
1.233283920e+01 6.344338729e-01
1.233283920e+01 7.155631427e-01
1.233283920e+01 6.906002905e-01
1.235661334e+01 6.901545253e-01
1.245170992e+01 7.583566038e-01
1.246359699e+01 6.749985078e-01
1.249925821e+01 7.124427862e-01
1.253491943e+01 6.754442730e-01
1.253491943e+01 6.674204991e-01
1.254680650e+01 7.048647775e-01
1.254680650e+01 6.745527426e-01
1.255869357e+01 6.946121775e-01
1.257058065e+01 7.119970210e-01
1.259435479e+01 6.856968731e-01
1.259435479e+01 7.311649254e-01
1.264190308e+01 7.155631427e-01
1.265379015e+01 7.258157428e-01
1.265379015e+01 7.307191602e-01
1.268945137e+01 7.186834993e-01
1.268945137e+01 7.249242124e-01
1.270133844e+01 7.249242124e-01
1.271322552e+01 7.284903341e-01
1.273699966e+01 7.182377341e-01
1.273699966e+01 6.714323861e-01
1.274888673e+01 7.066478384e-01
1.276077381e+01 7.668261430e-01
1.278454795e+01 6.990698296e-01
1.278454795e+01 7.325022211e-01
1.279643502e+01 7.271530385e-01
1.280832210e+01 6.420118816e-01
1.282020917e+01 6.843595774e-01
1.285587039e+01 7.512243603e-01
1.287964453e+01 6.856968731e-01
1.289153161e+01 7.333937515e-01
1.290341868e+01 7.026359514e-01
1.291530575e+01 7.164546732e-01
1.293907989e+01 7.543447168e-01
1.295096697e+01 7.115512558e-01
1.296285404e+01 6.981782992e-01
1.297474111e+01 7.833194561e-01
1.297474111e+01 7.057563079e-01
1.298662818e+01 7.160089080e-01
1.299851526e+01 7.721753256e-01
1.301040233e+01 6.888172296e-01
1.301040233e+01 7.378514037e-01
1.304606355e+01 7.556820125e-01
1.304606355e+01 7.186834993e-01
1.304606355e+01 6.500356555e-01
1.304606355e+01 7.191292645e-01
1.305795062e+01 6.732154469e-01
1.305795062e+01 7.623684908e-01
1.305795062e+01 6.910460557e-01
1.306983769e+01 7.280445689e-01
1.306983769e+01 6.861426383e-01
1.308172477e+01 7.115512558e-01
1.309361184e+01 7.204665602e-01
1.309361184e+01 7.249242124e-01
1.310549891e+01 7.637057864e-01
1.310549891e+01 7.784160387e-01
1.311738598e+01 7.784160387e-01
1.312927306e+01 7.169004384e-01
1.315304720e+01 7.387429342e-01
1.315304720e+01 7.026359514e-01
1.316493427e+01 6.990698296e-01
1.316493427e+01 7.766329778e-01
1.318870842e+01 7.253699776e-01
1.318870842e+01 7.365141081e-01
1.318870842e+01 7.708380299e-01
1.318870842e+01 7.222496210e-01
1.320059549e+01 7.200207949e-01
1.320059549e+01 7.405259950e-01
1.322436964e+01 7.244784471e-01
1.322436964e+01 7.454294124e-01
1.323625671e+01 7.160089080e-01
1.324814378e+01 7.258157428e-01
1.324814378e+01 7.628142560e-01
1.324814378e+01 7.663803777e-01
1.326003085e+01 7.481040038e-01
1.327191793e+01 6.963952383e-01
1.328380500e+01 7.093224297e-01
1.330757914e+01 7.489955342e-01
1.330757914e+01 7.267072732e-01
1.330757914e+01 7.307191602e-01
1.330757914e+01 7.039732471e-01
1.331946622e+01 7.414175255e-01
1.331946622e+01 7.111054906e-01
1.334324036e+01 7.721753256e-01
1.334324036e+01 7.507785951e-01
1.334324036e+01 7.726210908e-01
1.334324036e+01 7.458751777e-01
1.335512743e+01 7.583566038e-01
1.335512743e+01 7.917889952e-01
1.336701451e+01 7.489955342e-01
1.337890158e+01 7.779702734e-01
1.339078865e+01 7.556820125e-01
1.340267572e+01 7.556820125e-01
1.340267572e+01 7.752956821e-01
1.340267572e+01 7.605854299e-01
1.340267572e+01 7.712837951e-01
1.341456280e+01 8.332451606e-01
1.341456280e+01 7.739583865e-01
1.341456280e+01 7.240326819e-01
1.341456280e+01 7.654888473e-01
1.341456280e+01 7.249242124e-01
1.341456280e+01 7.258157428e-01
1.341456280e+01 7.307191602e-01
1.341456280e+01 7.494412994e-01
1.342644987e+01 7.017444210e-01
1.342644987e+01 7.436463516e-01
1.342644987e+01 7.766329778e-01
1.342644987e+01 7.436463516e-01
1.342644987e+01 7.735126212e-01
1.345022401e+01 7.583566038e-01
1.345022401e+01 7.436463516e-01
1.345022401e+01 7.142258471e-01
1.346211109e+01 7.775245082e-01
1.346211109e+01 7.806448648e-01
1.347399816e+01 7.775245082e-01
1.347399816e+01 7.186834993e-01
1.347399816e+01 7.784160387e-01
1.348588523e+01 7.449836472e-01
1.348588523e+01 7.400802298e-01
1.349777230e+01 7.169004384e-01
1.350965938e+01 7.267072732e-01
1.350965938e+01 7.695007343e-01
1.352154645e+01 7.668261430e-01
1.353343352e+01 7.561277777e-01
1.354532059e+01 7.476582385e-01
1.354532059e+01 7.445378820e-01
1.354532059e+01 7.213580906e-01
1.354532059e+01 7.066478384e-01
1.354532059e+01 7.115512558e-01
1.355720767e+01 7.677176734e-01
1.355720767e+01 7.895601691e-01
1.355720767e+01 7.472124733e-01
1.356909474e+01 7.169004384e-01
1.358098181e+01 7.262615080e-01
1.359286888e+01 7.124427862e-01
1.360475596e+01 7.414175255e-01
1.360475596e+01 7.432005863e-01
1.361664303e+01 7.833194561e-01
1.362853010e+01 7.931262909e-01
1.362853010e+01 7.815363952e-01
1.365230425e+01 7.913432300e-01
1.366419132e+01 8.082823083e-01
1.367607839e+01 8.109568997e-01
1.367607839e+01 7.931262909e-01
1.368796546e+01 7.204665602e-01
1.369985254e+01 7.204665602e-01
1.369985254e+01 7.472124733e-01
1.369985254e+01 8.015958301e-01
1.371173961e+01 7.231411515e-01
1.371173961e+01 7.173462036e-01
1.371173961e+01 7.485497690e-01
1.371173961e+01 7.249242124e-01
1.372362668e+01 7.271530385e-01
1.373551375e+01 7.596938994e-01
1.373551375e+01 7.833194561e-01
1.373551375e+01 7.503328298e-01
1.373551375e+01 7.761872126e-01
1.373551375e+01 7.472124733e-01
1.374740083e+01 7.859940474e-01
1.374740083e+01 7.842109865e-01
1.374740083e+01 7.133343167e-01
1.375928790e+01 7.966924126e-01
1.375928790e+01 7.761872126e-01
1.377117497e+01 7.538989516e-01
1.377117497e+01 7.868855778e-01
1.379494912e+01 7.534531864e-01
1.380683619e+01 7.784160387e-01
1.380683619e+01 7.534531864e-01
1.380683619e+01 7.770787430e-01
1.380683619e+01 7.797533343e-01
1.381872326e+01 7.619227255e-01
1.381872326e+01 7.262615080e-01
1.381872326e+01 8.216552649e-01
1.381872326e+01 7.721753256e-01
1.381872326e+01 7.779702734e-01
1.381872326e+01 8.136314910e-01
1.381872326e+01 7.931262909e-01
1.383061033e+01 7.931262909e-01
1.383061033e+01 7.561277777e-01
1.384249741e+01 8.114026649e-01
1.384249741e+01 7.726210908e-01
1.384249741e+01 8.015958301e-01
1.385438448e+01 7.717295604e-01
1.386627155e+01 7.672719082e-01
1.386627155e+01 7.828736909e-01
1.386627155e+01 7.592481342e-01
1.386627155e+01 7.712837951e-01
1.387815862e+01 8.105111344e-01
1.387815862e+01 7.846567517e-01
1.387815862e+01 7.097681949e-01
1.387815862e+01 8.212094997e-01
1.389004570e+01 7.164546732e-01
1.390193277e+01 8.047161866e-01
1.390193277e+01 7.766329778e-01
1.390193277e+01 7.900059344e-01
1.391381984e+01 7.917889952e-01
1.391381984e+01 7.614769603e-01
1.391381984e+01 7.182377341e-01
1.392570691e+01 7.868855778e-01
1.392570691e+01 7.953551170e-01
1.392570691e+01 8.105111344e-01
1.392570691e+01 7.846567517e-01
1.392570691e+01 7.414175255e-01
1.392570691e+01 8.056077170e-01
1.392570691e+01 7.338395167e-01
1.392570691e+01 7.859940474e-01
1.392570691e+01 7.280445689e-01
1.393759399e+01 7.489955342e-01
1.393759399e+01 7.445378820e-01
1.393759399e+01 7.873313430e-01
1.393759399e+01 7.521158907e-01
1.393759399e+01 7.859940474e-01
1.393759399e+01 7.975839431e-01
1.394948106e+01 7.766329778e-01
1.394948106e+01 8.007042996e-01
1.394948106e+01 7.489955342e-01
1.396136813e+01 8.350282215e-01
1.396136813e+01 7.926805257e-01
1.396136813e+01 7.574650734e-01
1.396136813e+01 8.203179693e-01
1.396136813e+01 7.744041517e-01
1.396136813e+01 7.552362473e-01
1.397325520e+01 7.552362473e-01
1.397325520e+01 7.882228735e-01
1.397325520e+01 7.489955342e-01
1.397325520e+01 7.993670040e-01
1.397325520e+01 7.596938994e-01
1.398514228e+01 7.837652213e-01
1.398514228e+01 7.788618039e-01
1.398514228e+01 7.521158907e-01
1.398514228e+01 7.681634386e-01
1.398514228e+01 7.833194561e-01
1.398514228e+01 7.770787430e-01
1.398514228e+01 8.319078650e-01
1.399702935e+01 8.145230214e-01
1.399702935e+01 7.186834993e-01
1.399702935e+01 7.931262909e-01
1.399702935e+01 8.100653692e-01
1.399702935e+01 8.011500648e-01
1.399702935e+01 8.198722040e-01
1.402080349e+01 7.672719082e-01
1.403269057e+01 7.356225776e-01
1.403269057e+01 7.351768124e-01
1.404457764e+01 7.440921168e-01
1.404457764e+01 7.699464995e-01
1.405646471e+01 8.024873605e-01
1.405646471e+01 7.761872126e-01
1.405646471e+01 7.886686387e-01
1.405646471e+01 7.712837951e-01
1.405646471e+01 7.793075691e-01
1.405646471e+01 7.485497690e-01
1.405646471e+01 7.748499169e-01
1.406835178e+01 8.131857257e-01
1.406835178e+01 8.029331257e-01
1.406835178e+01 7.119970210e-01
1.406835178e+01 7.699464995e-01
1.408023886e+01 7.913432300e-01
1.408023886e+01 7.793075691e-01
1.408023886e+01 7.137800819e-01
1.410401300e+01 7.904516996e-01
1.411590007e+01 7.699464995e-01
1.411590007e+01 7.695007343e-01
1.411590007e+01 7.610311951e-01
1.411590007e+01 7.779702734e-01
1.412778715e+01 7.605854299e-01
1.413967422e+01 7.761872126e-01
1.415156129e+01 7.766329778e-01
1.415156129e+01 7.855482822e-01
1.415156129e+01 8.176433779e-01
1.415156129e+01 7.784160387e-01
1.416344836e+01 7.851025169e-01
1.416344836e+01 7.971381779e-01
1.417533544e+01 7.971381779e-01
1.417533544e+01 7.668261430e-01
1.417533544e+01 7.610311951e-01
1.417533544e+01 7.703922647e-01
1.417533544e+01 7.530074212e-01
1.418722251e+01 7.735126212e-01
1.418722251e+01 8.203179693e-01
1.418722251e+01 7.819821604e-01
1.418722251e+01 8.122941953e-01
1.419910958e+01 7.784160387e-01
1.421099665e+01 7.788618039e-01
1.421099665e+01 7.057563079e-01
1.421099665e+01 7.588023690e-01
1.421099665e+01 8.149687866e-01
1.422288373e+01 8.305705693e-01
1.422288373e+01 7.989212387e-01
1.422288373e+01 7.940178213e-01
1.422288373e+01 7.574650734e-01
1.422288373e+01 7.547904820e-01
1.422288373e+01 7.775245082e-01
1.423477080e+01 8.114026649e-01
1.423477080e+01 7.489955342e-01
1.423477080e+01 8.060534822e-01
1.423477080e+01 7.846567517e-01
1.423477080e+01 7.748499169e-01
1.423477080e+01 7.842109865e-01
1.423477080e+01 8.185349084e-01
1.424665787e+01 7.623684908e-01
1.424665787e+01 7.859940474e-01
1.424665787e+01 8.149687866e-01
1.424665787e+01 7.690549690e-01
1.424665787e+01 7.400802298e-01
1.425854494e+01 7.926805257e-01
1.425854494e+01 8.163060823e-01
1.425854494e+01 7.521158907e-01
1.427043202e+01 7.980297083e-01
1.428231909e+01 7.980297083e-01
1.427043202e+01 7.828736909e-01
1.428231909e+01 7.935720561e-01
1.428231909e+01 7.739583865e-01
1.428231909e+01 7.418632907e-01
1.428231909e+01 8.114026649e-01
1.429420616e+01 7.882228735e-01
1.429420616e+01 8.145230214e-01
1.429420616e+01 8.082823083e-01
1.429420616e+01 7.735126212e-01
1.430609323e+01 7.806448648e-01
1.430609323e+01 8.252213867e-01
1.430609323e+01 7.962466474e-01
1.430609323e+01 7.744041517e-01
1.431798031e+01 8.229925606e-01
1.431798031e+01 8.038246561e-01
1.432986738e+01 7.993670040e-01
1.432986738e+01 8.051619518e-01
1.434175445e+01 7.842109865e-01
1.434175445e+01 7.784160387e-01
1.434175445e+01 8.336909258e-01
1.434175445e+01 7.815363952e-01
1.434175445e+01 7.726210908e-01
1.434175445e+01 7.922347605e-01
1.434175445e+01 7.842109865e-01
1.434175445e+01 7.926805257e-01
1.434175445e+01 7.686092038e-01
1.435364152e+01 7.436463516e-01
1.435364152e+01 7.935720561e-01
1.435364152e+01 7.699464995e-01
1.435364152e+01 7.703922647e-01
1.436552860e+01 8.100653692e-01
1.437741567e+01 7.137800819e-01
1.438930274e+01 7.583566038e-01
1.438930274e+01 7.797533343e-01
1.438930274e+01 7.498870646e-01
1.440118981e+01 7.980297083e-01
1.441307689e+01 7.980297083e-01
1.441307689e+01 8.091738388e-01
1.441307689e+01 8.042704214e-01
1.441307689e+01 7.748499169e-01
1.442496396e+01 7.409717602e-01
1.442496396e+01 7.574650734e-01
1.442496396e+01 7.784160387e-01
1.442496396e+01 8.114026649e-01
1.443685103e+01 7.668261430e-01
1.443685103e+01 8.154145518e-01
1.443685103e+01 7.935720561e-01
1.444873810e+01 7.855482822e-01
1.444873810e+01 7.365141081e-01
1.446062518e+01 7.993670040e-01
1.447251225e+01 7.833194561e-01
1.447251225e+01 7.784160387e-01
1.448439932e+01 7.672719082e-01
1.448439932e+01 8.345824563e-01
1.448439932e+01 8.145230214e-01
1.448439932e+01 7.703922647e-01
1.448439932e+01 7.846567517e-01
1.449628639e+01 7.770787430e-01
1.449628639e+01 8.185349084e-01
1.449628639e+01 7.824279256e-01
1.449628639e+01 8.140772562e-01
1.449628639e+01 7.748499169e-01
1.449628639e+01 7.784160387e-01
1.449628639e+01 7.730668560e-01
1.450817347e+01 8.038246561e-01
1.450817347e+01 7.133343167e-01
1.450817347e+01 7.717295604e-01
1.450817347e+01 7.913432300e-01
1.450817347e+01 7.614769603e-01
1.452006054e+01 8.354739867e-01
1.452006054e+01 8.363655172e-01
1.453194761e+01 7.721753256e-01
1.453194761e+01 8.154145518e-01
1.453194761e+01 7.913432300e-01
1.453194761e+01 8.082823083e-01
1.453194761e+01 7.703922647e-01
1.454383468e+01 8.212094997e-01
1.454383468e+01 7.993670040e-01
1.454383468e+01 7.686092038e-01
1.454383468e+01 7.784160387e-01
1.455572176e+01 8.171976127e-01
1.455572176e+01 8.158603171e-01
1.455572176e+01 7.895601691e-01
1.456760883e+01 8.461723520e-01
1.456760883e+01 8.158603171e-01
1.456760883e+01 8.051619518e-01
1.456760883e+01 8.377028128e-01
1.456760883e+01 8.136314910e-01
1.456760883e+01 7.721753256e-01
1.456760883e+01 7.686092038e-01
1.456760883e+01 8.100653692e-01
1.457949590e+01 8.131857257e-01
1.457949590e+01 7.900059344e-01
1.457949590e+01 7.801990995e-01
1.457949590e+01 7.784160387e-01
1.457949590e+01 8.368112824e-01
1.457949590e+01 7.846567517e-01
1.459138297e+01 8.176433779e-01
1.459138297e+01 8.038246561e-01
1.459138297e+01 7.998127692e-01
1.459138297e+01 8.247756214e-01
1.459138297e+01 7.449836472e-01
1.459138297e+01 7.824279256e-01
1.460327005e+01 8.287875084e-01
1.460327005e+01 7.806448648e-01
1.460327005e+01 7.900059344e-01
1.460327005e+01 7.574650734e-01
1.461515712e+01 7.521158907e-01
1.461515712e+01 8.372570476e-01
1.461515712e+01 7.414175255e-01
1.461515712e+01 8.145230214e-01
1.461515712e+01 8.252213867e-01
1.461515712e+01 7.819821604e-01
1.462704419e+01 8.484011781e-01
1.462704419e+01 8.096196040e-01
1.462704419e+01 7.342852820e-01
1.462704419e+01 7.962466474e-01
1.462704419e+01 8.292332736e-01
1.462704419e+01 8.051619518e-01
1.463893126e+01 8.051619518e-01
1.462704419e+01 8.559791868e-01
1.462704419e+01 7.824279256e-01
1.463893126e+01 8.238840910e-01
1.463893126e+01 7.971381779e-01
1.463893126e+01 7.895601691e-01
1.463893126e+01 7.507785951e-01
1.463893126e+01 8.229925606e-01
1.463893126e+01 7.498870646e-01
1.465081834e+01 7.949093518e-01
1.466270541e+01 7.570193081e-01
1.466270541e+01 8.403774041e-01
1.466270541e+01 8.069450127e-01
1.466270541e+01 7.900059344e-01
1.466270541e+01 7.525616559e-01
1.466270541e+01 8.412689346e-01
1.466270541e+01 8.341366911e-01
1.466270541e+01 8.122941953e-01
1.466270541e+01 7.842109865e-01
1.466270541e+01 7.904516996e-01
1.467459248e+01 8.310163345e-01
1.467459248e+01 7.855482822e-01
1.467459248e+01 8.064992475e-01
1.467459248e+01 8.047161866e-01
1.468647955e+01 8.109568997e-01
1.468647955e+01 8.327993954e-01
1.468647955e+01 8.221010301e-01
1.468647955e+01 8.189806736e-01
1.468647955e+01 7.552362473e-01
1.468647955e+01 7.851025169e-01
1.469836663e+01 8.176433779e-01
1.469836663e+01 7.837652213e-01
1.469836663e+01 8.073907779e-01
1.469836663e+01 8.122941953e-01
1.471025370e+01 8.082823083e-01
1.471025370e+01 8.047161866e-01
1.472214077e+01 8.149687866e-01
1.472214077e+01 7.949093518e-01
1.472214077e+01 8.238840910e-01
1.472214077e+01 7.868855778e-01
1.472214077e+01 7.868855778e-01
1.472214077e+01 8.136314910e-01
1.472214077e+01 8.042704214e-01
1.473402784e+01 7.851025169e-01
1.473402784e+01 8.171976127e-01
1.473402784e+01 8.336909258e-01
1.473402784e+01 8.118484301e-01
1.474591492e+01 7.775245082e-01
1.474591492e+01 7.980297083e-01
1.474591492e+01 8.426062302e-01
1.475780199e+01 7.886686387e-01
1.475780199e+01 8.301248041e-01
1.475780199e+01 8.042704214e-01
1.476968906e+01 7.980297083e-01
1.476968906e+01 7.467667081e-01
1.476968906e+01 8.345824563e-01
1.476968906e+01 8.149687866e-01
1.476968906e+01 7.824279256e-01
1.476968906e+01 8.559791868e-01
1.476968906e+01 8.278959780e-01
1.476968906e+01 7.913432300e-01
1.476968906e+01 7.886686387e-01
1.476968906e+01 7.596938994e-01
1.478157613e+01 8.354739867e-01
1.478157613e+01 8.546418911e-01
1.478157613e+01 8.167518475e-01
1.478157613e+01 8.091738388e-01
1.478157613e+01 8.261129171e-01
1.478157613e+01 7.316106906e-01
1.478157613e+01 8.510757694e-01
1.479346321e+01 8.341366911e-01
1.479346321e+01 8.171976127e-01
1.479346321e+01 7.828736909e-01
1.479346321e+01 7.944635865e-01
1.479346321e+01 8.127399605e-01
1.480535028e+01 7.851025169e-01
1.480535028e+01 8.256671519e-01
1.480535028e+01 8.225467953e-01
1.480535028e+01 8.212094997e-01
1.480535028e+01 7.953551170e-01
1.481723735e+01 7.908974648e-01
1.481723735e+01 8.626656651e-01
1.482912442e+01 8.198722040e-01
1.482912442e+01 7.570193081e-01
1.482912442e+01 8.475096476e-01
1.482912442e+01 8.657860216e-01
1.482912442e+01 7.886686387e-01
1.482912442e+01 8.270044475e-01
1.482912442e+01 8.171976127e-01
1.482912442e+01 8.082823083e-01
1.484101150e+01 7.966924126e-01
1.484101150e+01 7.958008822e-01
1.485289857e+01 7.958008822e-01
1.484101150e+01 7.877771083e-01
1.484101150e+01 7.757414473e-01
1.484101150e+01 7.940178213e-01
1.484101150e+01 7.908974648e-01
1.484101150e+01 7.837652213e-01
1.484101150e+01 7.824279256e-01
1.484101150e+01 7.668261430e-01
1.484101150e+01 7.998127692e-01
1.484101150e+01 7.663803777e-01
1.485289857e+01 8.270044475e-01
1.485289857e+01 7.958008822e-01
1.486478564e+01 7.891144039e-01
1.486478564e+01 7.851025169e-01
1.486478564e+01 7.797533343e-01
1.487667271e+01 8.430519954e-01
1.487667271e+01 7.886686387e-01
1.487667271e+01 7.574650734e-01
1.487667271e+01 8.131857257e-01
1.487667271e+01 8.051619518e-01
1.488855979e+01 8.051619518e-01
1.487667271e+01 8.336909258e-01
1.487667271e+01 8.185349084e-01
1.487667271e+01 7.900059344e-01
1.488855979e+01 8.038246561e-01
1.488855979e+01 7.436463516e-01
1.488855979e+01 8.221010301e-01
1.488855979e+01 8.171976127e-01
1.490044686e+01 7.904516996e-01
1.490044686e+01 7.975839431e-01
1.490044686e+01 7.761872126e-01
1.490044686e+01 8.171976127e-01
1.490044686e+01 8.301248041e-01
1.490044686e+01 7.703922647e-01
1.490044686e+01 8.372570476e-01
1.490044686e+01 7.356225776e-01
1.491233393e+01 7.846567517e-01
1.491233393e+01 8.644487260e-01
1.491233393e+01 8.261129171e-01
1.491233393e+01 8.069450127e-01
1.491233393e+01 8.082823083e-01
1.492422100e+01 7.846567517e-01
1.492422100e+01 8.096196040e-01
1.492422100e+01 8.122941953e-01
1.492422100e+01 8.421604650e-01
1.492422100e+01 7.596938994e-01
1.493610808e+01 7.833194561e-01
1.493610808e+01 8.163060823e-01
1.494799515e+01 8.140772562e-01
1.494799515e+01 8.163060823e-01
1.494799515e+01 8.729182651e-01
1.494799515e+01 8.541961259e-01
1.494799515e+01 7.779702734e-01
1.494799515e+01 7.944635865e-01
1.494799515e+01 7.926805257e-01
1.494799515e+01 8.064992475e-01
1.495988222e+01 7.926805257e-01
1.495988222e+01 7.766329778e-01
1.495988222e+01 8.082823083e-01
1.495988222e+01 7.926805257e-01
1.495988222e+01 7.770787430e-01
1.495988222e+01 7.779702734e-01
1.497176929e+01 8.403774041e-01
1.497176929e+01 8.131857257e-01
1.497176929e+01 8.145230214e-01
1.497176929e+01 7.605854299e-01
1.497176929e+01 8.194264388e-01
1.497176929e+01 8.323536302e-01
1.497176929e+01 7.757414473e-01
1.498365637e+01 7.993670040e-01
1.498365637e+01 8.087280736e-01
1.498365637e+01 7.966924126e-01
1.499554344e+01 7.703922647e-01
1.499554344e+01 7.739583865e-01
1.499554344e+01 8.149687866e-01
1.499554344e+01 8.310163345e-01
1.500743051e+01 7.859940474e-01
1.500743051e+01 8.430519954e-01
1.501931758e+01 8.015958301e-01
1.501931758e+01 8.363655172e-01
1.501931758e+01 8.198722040e-01
1.501931758e+01 7.784160387e-01
1.501931758e+01 7.637057864e-01
1.501931758e+01 8.158603171e-01
1.503120466e+01 7.681634386e-01
1.503120466e+01 7.962466474e-01
1.503120466e+01 8.238840910e-01
1.503120466e+01 7.721753256e-01
1.504309173e+01 8.238840910e-01
1.504309173e+01 7.953551170e-01
1.504309173e+01 8.171976127e-01
1.504309173e+01 7.971381779e-01
1.504309173e+01 7.784160387e-01
1.504309173e+01 8.136314910e-01
1.505497880e+01 8.385943432e-01
1.505497880e+01 8.301248041e-01
1.506686587e+01 8.760386216e-01
1.506686587e+01 7.436463516e-01
1.506686587e+01 8.568707172e-01
1.506686587e+01 8.145230214e-01
1.506686587e+01 7.922347605e-01
1.506686587e+01 7.984754735e-01
1.506686587e+01 7.614769603e-01
1.507875295e+01 7.730668560e-01
1.507875295e+01 8.278959780e-01
1.507875295e+01 8.185349084e-01
1.509064002e+01 8.185349084e-01
1.509064002e+01 8.537503607e-01
1.509064002e+01 8.305705693e-01
1.509064002e+01 8.327993954e-01
1.509064002e+01 7.980297083e-01
1.509064002e+01 8.448350563e-01
1.509064002e+01 8.087280736e-01
1.510252709e+01 8.105111344e-01
1.510252709e+01 8.448350563e-01
1.510252709e+01 8.171976127e-01
1.510252709e+01 7.596938994e-01
1.510252709e+01 7.922347605e-01
1.510252709e+01 8.426062302e-01
1.510252709e+01 8.381485780e-01
1.510252709e+01 8.207637345e-01
1.511441416e+01 7.824279256e-01
1.511441416e+01 8.354739867e-01
1.511441416e+01 8.171976127e-01
1.512630124e+01 8.082823083e-01
1.512630124e+01 8.149687866e-01
1.512630124e+01 8.109568997e-01
1.513818831e+01 8.109568997e-01
1.513818831e+01 8.484011781e-01
1.515007538e+01 8.145230214e-01
1.515007538e+01 8.283417432e-01
1.515007538e+01 7.886686387e-01
1.515007538e+01 8.114026649e-01
1.515007538e+01 8.345824563e-01
1.515007538e+01 8.385943432e-01
1.515007538e+01 8.470638824e-01
1.516196245e+01 8.372570476e-01
1.517384953e+01 8.185349084e-01
1.517384953e+01 8.247756214e-01
1.517384953e+01 8.541961259e-01
1.517384953e+01 8.417146998e-01
1.517384953e+01 8.377028128e-01
1.517384953e+01 8.256671519e-01
1.517384953e+01 8.203179693e-01
1.518573660e+01 8.203179693e-01
1.518573660e+01 8.015958301e-01
1.518573660e+01 7.614769603e-01
1.518573660e+01 8.377028128e-01
1.518573660e+01 8.528588303e-01
1.518573660e+01 8.314620997e-01
1.518573660e+01 8.082823083e-01
1.519762367e+01 8.243298562e-01
1.519762367e+01 8.167518475e-01
1.519762367e+01 8.056077170e-01
1.519762367e+01 7.801990995e-01
1.519762367e+01 8.564249520e-01
1.520951074e+01 8.038246561e-01
1.520951074e+01 7.864398126e-01
1.520951074e+01 8.559791868e-01
1.520951074e+01 8.073907779e-01
1.520951074e+01 8.154145518e-01
1.522139782e+01 8.056077170e-01
1.523328489e+01 7.926805257e-01
1.523328489e+01 8.229925606e-01
1.523328489e+01 8.706894390e-01
1.523328489e+01 8.439435259e-01
1.523328489e+01 8.622198999e-01
1.523328489e+01 7.605854299e-01
1.524517196e+01 8.345824563e-01
1.524517196e+01 8.171976127e-01
1.524517196e+01 8.434977607e-01
1.524517196e+01 8.818335695e-01
1.524517196e+01 8.078365431e-01
1.524517196e+01 8.457265868e-01
1.525705903e+01 8.541961259e-01
1.525705903e+01 7.793075691e-01
1.525705903e+01 8.029331257e-01
1.526894611e+01 8.029331257e-01
1.526894611e+01 7.953551170e-01
1.526894611e+01 7.900059344e-01
1.526894611e+01 8.064992475e-01
1.526894611e+01 8.497384737e-01
1.526894611e+01 8.390401085e-01
1.526894611e+01 8.831708652e-01
1.526894611e+01 8.484011781e-01
1.526894611e+01 8.524130650e-01
1.528083318e+01 8.029331257e-01
1.528083318e+01 8.359197519e-01
1.529272025e+01 8.590995433e-01
1.529272025e+01 7.868855778e-01
1.529272025e+01 7.481040038e-01
1.529272025e+01 7.895601691e-01
1.529272025e+01 8.443892911e-01
1.529272025e+01 7.810906300e-01
1.530460732e+01 7.810906300e-01
1.529272025e+01 8.225467953e-01
1.529272025e+01 8.501842389e-01
1.530460732e+01 8.105111344e-01
1.530460732e+01 8.256671519e-01
1.530460732e+01 8.541961259e-01
1.530460732e+01 8.327993954e-01
1.530460732e+01 8.109568997e-01
1.530460732e+01 7.672719082e-01
1.530460732e+01 8.537503607e-01
1.530460732e+01 8.278959780e-01
1.530460732e+01 8.140772562e-01
1.531649440e+01 8.394858737e-01
1.531649440e+01 8.327993954e-01
1.531649440e+01 8.091738388e-01
1.531649440e+01 8.608826042e-01
1.531649440e+01 8.038246561e-01
1.531649440e+01 8.426062302e-01
1.531649440e+01 7.877771083e-01
1.532838147e+01 8.350282215e-01
1.534026854e+01 8.350282215e-01
1.532838147e+01 7.797533343e-01
1.532838147e+01 7.868855778e-01
1.532838147e+01 8.296790389e-01
1.534026854e+01 8.684606129e-01
1.534026854e+01 8.417146998e-01
1.534026854e+01 8.149687866e-01
1.534026854e+01 8.350282215e-01
1.534026854e+01 8.167518475e-01
1.535215561e+01 7.922347605e-01
1.535215561e+01 8.198722040e-01
1.535215561e+01 8.154145518e-01
1.535215561e+01 8.203179693e-01
1.536404269e+01 7.797533343e-01
1.536404269e+01 7.833194561e-01
1.536404269e+01 8.131857257e-01
1.536404269e+01 8.087280736e-01
1.536404269e+01 8.421604650e-01
1.536404269e+01 8.394858737e-01
1.536404269e+01 8.283417432e-01
1.536404269e+01 8.287875084e-01
1.536404269e+01 8.114026649e-01
1.537592976e+01 8.229925606e-01
1.537592976e+01 8.082823083e-01
1.537592976e+01 8.073907779e-01
1.537592976e+01 8.167518475e-01
1.538781683e+01 8.738097956e-01
1.538781683e+01 8.635571955e-01
1.538781683e+01 8.497384737e-01
1.538781683e+01 8.212094997e-01
1.538781683e+01 8.359197519e-01
1.538781683e+01 8.640029607e-01
1.538781683e+01 8.528588303e-01
1.539970390e+01 8.426062302e-01
1.539970390e+01 8.145230214e-01
1.539970390e+01 8.033788909e-01
1.541159098e+01 8.461723520e-01
1.541159098e+01 8.403774041e-01
1.541159098e+01 7.766329778e-01
1.541159098e+01 8.270044475e-01
1.541159098e+01 7.971381779e-01
1.541159098e+01 8.631114303e-01
1.541159098e+01 8.274502128e-01
1.541159098e+01 8.519672998e-01
1.542347805e+01 8.519672998e-01
1.542347805e+01 7.815363952e-01
1.542347805e+01 8.212094997e-01
1.542347805e+01 7.940178213e-01
1.542347805e+01 8.301248041e-01
1.542347805e+01 8.412689346e-01
1.543536512e+01 8.488469433e-01
1.543536512e+01 8.461723520e-01
1.543536512e+01 8.131857257e-01
1.543536512e+01 7.917889952e-01
1.544725220e+01 7.989212387e-01
1.544725220e+01 8.635571955e-01
1.544725220e+01 8.270044475e-01
1.544725220e+01 7.833194561e-01
1.544725220e+01 8.604368390e-01
1.544725220e+01 7.926805257e-01
1.544725220e+01 8.131857257e-01
1.545913927e+01 8.221010301e-01
1.545913927e+01 8.171976127e-01
1.547102634e+01 8.171976127e-01
1.545913927e+01 8.484011781e-01
1.545913927e+01 7.958008822e-01
1.547102634e+01 7.980297083e-01
1.547102634e+01 8.154145518e-01
1.547102634e+01 7.966924126e-01
1.547102634e+01 7.810906300e-01
1.548291341e+01 8.212094997e-01
1.548291341e+01 8.163060823e-01
1.549480048e+01 8.470638824e-01
1.549480048e+01 7.851025169e-01
1.549480048e+01 8.020415953e-01
1.549480048e+01 8.216552649e-01
1.549480048e+01 8.131857257e-01
1.549480048e+01 8.666775520e-01
1.549480048e+01 8.631114303e-01
1.549480048e+01 8.243298562e-01
1.550668756e+01 8.479554128e-01
1.550668756e+01 8.140772562e-01
1.550668756e+01 8.394858737e-01
1.550668756e+01 8.381485780e-01
1.550668756e+01 8.363655172e-01
1.550668756e+01 8.221010301e-01
1.551857463e+01 8.256671519e-01
1.551857463e+01 7.962466474e-01
1.551857463e+01 8.122941953e-01
1.551857463e+01 8.024873605e-01
1.553046170e+01 8.408231693e-01
1.553046170e+01 8.305705693e-01
1.553046170e+01 8.399316389e-01
1.553046170e+01 7.801990995e-01
1.553046170e+01 7.819821604e-01
1.554234877e+01 8.385943432e-01
1.554234877e+01 8.626656651e-01
1.554234877e+01 8.243298562e-01
1.554234877e+01 8.809420391e-01
1.555423585e+01 8.809420391e-01
1.554234877e+01 8.510757694e-01
1.554234877e+01 8.354739867e-01
1.554234877e+01 8.332451606e-01
1.555423585e+01 8.171976127e-01
1.555423585e+01 8.492927085e-01
1.555423585e+01 8.448350563e-01
1.555423585e+01 8.430519954e-01
1.555423585e+01 8.426062302e-01
1.555423585e+01 8.069450127e-01
1.556612292e+01 8.831708652e-01
1.556612292e+01 8.038246561e-01
1.556612292e+01 8.631114303e-01
1.556612292e+01 8.412689346e-01
1.556612292e+01 8.622198999e-01
1.556612292e+01 8.091738388e-01
1.556612292e+01 7.940178213e-01
1.556612292e+01 8.377028128e-01
1.556612292e+01 8.274502128e-01
1.556612292e+01 8.180891432e-01
1.557800999e+01 8.296790389e-01
1.557800999e+01 8.394858737e-01
1.557800999e+01 8.497384737e-01
1.557800999e+01 8.452808215e-01
1.557800999e+01 8.470638824e-01
1.557800999e+01 8.287875084e-01
1.557800999e+01 8.100653692e-01
1.558989707e+01 8.519672998e-01
1.558989707e+01 8.229925606e-01
1.558989707e+01 8.354739867e-01
1.560178414e+01 8.171976127e-01
1.560178414e+01 8.256671519e-01
1.560178414e+01 8.680148477e-01
1.560178414e+01 7.984754735e-01
1.560178414e+01 8.091738388e-01
1.560178414e+01 8.180891432e-01
1.561367121e+01 8.550876564e-01
1.561372074e+01 8.189806736e-01
1.561372074e+01 8.394858737e-01
1.561372074e+01 8.185349084e-01
1.561372074e+01 8.114026649e-01
1.562555828e+01 8.653402564e-01
1.562555828e+01 8.314620997e-01
1.562555828e+01 8.154145518e-01
1.562555828e+01 8.243298562e-01
1.562555828e+01 8.171976127e-01
1.562555828e+01 8.858454565e-01
1.562555828e+01 8.492927085e-01
1.562555828e+01 8.296790389e-01
1.562555828e+01 8.541961259e-01
1.562555828e+01 8.466181172e-01
1.563744536e+01 8.029331257e-01
1.563744536e+01 7.940178213e-01
1.563744536e+01 8.189806736e-01
1.564933243e+01 8.359197519e-01
1.564933243e+01 8.345824563e-01
1.564933243e+01 8.243298562e-01
1.564933243e+01 8.345824563e-01
1.564933243e+01 8.194264388e-01
1.564933243e+01 8.528588303e-01
1.564933243e+01 8.261129171e-01
1.564933243e+01 8.234383258e-01
1.564933243e+01 8.203179693e-01
1.566121950e+01 8.510757694e-01
1.566121950e+01 8.198722040e-01
1.566121950e+01 8.238840910e-01
1.566121950e+01 8.176433779e-01
1.566121950e+01 8.296790389e-01
1.566121950e+01 8.408231693e-01
1.566121950e+01 8.198722040e-01
1.567315610e+01 8.056077170e-01
1.567315610e+01 8.590995433e-01
1.567315610e+01 8.684606129e-01
1.568499365e+01 8.760386216e-01
1.568499365e+01 7.940178213e-01
1.568499365e+01 8.207637345e-01
1.568499365e+01 8.381485780e-01
1.568499365e+01 7.944635865e-01
1.568499365e+01 8.925319348e-01
1.569688072e+01 8.417146998e-01
1.569688072e+01 8.506300042e-01
1.569688072e+01 8.394858737e-01
1.569688072e+01 7.797533343e-01
1.569688072e+01 8.626656651e-01
1.569688072e+01 8.497384737e-01
1.570876779e+01 7.917889952e-01
1.570876779e+01 8.439435259e-01
1.570876779e+01 8.403774041e-01
1.570876779e+01 7.779702734e-01
1.570876779e+01 8.813878043e-01
1.572065486e+01 8.114026649e-01
1.572065486e+01 8.145230214e-01
1.572065486e+01 8.252213867e-01
1.572065486e+01 8.488469433e-01
1.572065486e+01 8.114026649e-01
1.572065486e+01 8.515215346e-01
1.572065486e+01 8.176433779e-01
1.572065486e+01 8.457265868e-01
1.572065486e+01 8.203179693e-01
1.573259146e+01 8.452808215e-01
1.573259146e+01 7.949093518e-01
1.573259146e+01 8.510757694e-01
1.573259146e+01 8.631114303e-01
1.574442901e+01 7.721753256e-01
1.574442901e+01 8.345824563e-01
1.574442901e+01 8.911946391e-01
1.574442901e+01 8.399316389e-01
1.575631608e+01 8.831708652e-01
1.575636561e+01 8.501842389e-01
1.575636561e+01 8.198722040e-01
1.575636561e+01 8.492927085e-01
1.576820315e+01 8.127399605e-01
1.576820315e+01 8.675690825e-01
1.576820315e+01 8.519672998e-01
1.576820315e+01 8.657860216e-01
1.578009023e+01 8.470638824e-01
1.578009023e+01 8.876285174e-01
1.578009023e+01 8.448350563e-01
1.578009023e+01 8.417146998e-01
1.578009023e+01 8.622198999e-01
1.579202683e+01 8.898573435e-01
1.579202683e+01 8.452808215e-01
1.579202683e+01 8.185349084e-01
1.579202683e+01 8.604368390e-01
1.580386437e+01 8.488469433e-01
1.580386437e+01 8.457265868e-01
1.580386437e+01 8.541961259e-01
1.580386437e+01 8.198722040e-01
1.580386437e+01 8.363655172e-01
1.580386437e+01 8.541961259e-01
1.580386437e+01 7.908974648e-01
1.581580097e+01 8.894115782e-01
1.581580097e+01 8.229925606e-01
1.581580097e+01 8.822793347e-01
1.581580097e+01 8.537503607e-01
1.581580097e+01 8.764843869e-01
1.581580097e+01 8.738097956e-01
1.582763852e+01 8.524130650e-01
1.582763852e+01 8.510757694e-01
1.582763852e+01 8.533045955e-01
1.583952559e+01 8.466181172e-01
1.585146219e+01 8.466181172e-01
1.583952559e+01 8.221010301e-01
1.583952559e+01 8.122941953e-01
1.583952559e+01 8.907488739e-01
1.583952559e+01 8.524130650e-01
1.585146219e+01 8.216552649e-01
1.585146219e+01 8.706894390e-01
1.585146219e+01 8.212094997e-01
1.585146219e+01 8.252213867e-01
1.585146219e+01 8.510757694e-01
1.585146219e+01 8.252213867e-01
1.585146219e+01 8.827250999e-01
1.585146219e+01 8.742555608e-01
1.585146219e+01 8.136314910e-01
1.585146219e+01 8.555334216e-01
1.586329973e+01 8.608826042e-01
1.586329973e+01 8.350282215e-01
1.586329973e+01 8.711352042e-01
1.586329973e+01 8.434977607e-01
1.586329973e+01 8.510757694e-01
1.586329973e+01 8.091738388e-01
1.586329973e+01 8.519672998e-01
1.586329973e+01 8.372570476e-01
1.586329973e+01 8.394858737e-01
1.587523633e+01 8.394858737e-01
1.587523633e+01 8.381485780e-01
1.587523633e+01 8.194264388e-01
1.587523633e+01 8.417146998e-01
1.587523633e+01 8.497384737e-01
1.587523633e+01 8.822793347e-01
1.587523633e+01 8.470638824e-01
1.587523633e+01 8.559791868e-01
1.587523633e+01 8.189806736e-01
1.587523633e+01 8.533045955e-01
1.588707388e+01 8.635571955e-01
1.588707388e+01 8.243298562e-01
1.588707388e+01 8.225467953e-01
1.589896095e+01 8.484011781e-01
1.589896095e+01 8.809420391e-01
1.589896095e+01 8.693521434e-01
1.589896095e+01 8.506300042e-01
1.591089755e+01 8.546418911e-01
1.591089755e+01 8.109568997e-01
1.591089755e+01 8.430519954e-01
1.591089755e+01 8.421604650e-01
1.591089755e+01 8.666775520e-01
1.591089755e+01 8.528588303e-01
1.592273510e+01 8.706894390e-01
1.592273510e+01 8.345824563e-01
1.592273510e+01 8.327993954e-01
1.592273510e+01 8.550876564e-01
1.592273510e+01 8.421604650e-01
1.592273510e+01 8.354739867e-01
1.592273510e+01 8.296790389e-01
1.593467170e+01 8.443892911e-01
1.593467170e+01 8.626656651e-01
1.593467170e+01 8.194264388e-01
1.593467170e+01 8.408231693e-01
1.593467170e+01 8.305705693e-01
1.593467170e+01 8.252213867e-01
1.593467170e+01 8.426062302e-01
1.594650924e+01 8.426062302e-01
1.593467170e+01 8.207637345e-01
1.594650924e+01 8.702436738e-01
1.594650924e+01 8.644487260e-01
1.594650924e+01 8.697979086e-01
1.594650924e+01 8.488469433e-01
1.594650924e+01 8.582080129e-01
1.594650924e+01 8.377028128e-01
1.595844584e+01 8.524130650e-01
1.595844584e+01 8.198722040e-01
1.595844584e+01 8.733640303e-01
1.597033291e+01 8.163060823e-01
1.597033291e+01 8.631114303e-01
1.597033291e+01 9.036760652e-01
1.597033291e+01 8.858454565e-01
1.598217046e+01 8.377028128e-01
1.598217046e+01 8.626656651e-01
1.598217046e+01 8.702436738e-01
1.598217046e+01 8.363655172e-01
1.598217046e+01 8.684606129e-01
1.598217046e+01 7.966924126e-01
1.598217046e+01 8.475096476e-01
1.598217046e+01 8.332451606e-01
1.599410706e+01 9.045675957e-01
1.599410706e+01 8.831708652e-01
1.599410706e+01 8.631114303e-01
1.599410706e+01 8.519672998e-01
1.599410706e+01 8.613283694e-01
1.599410706e+01 8.439435259e-01
1.600594460e+01 8.381485780e-01
1.600594460e+01 8.608826042e-01
1.600594460e+01 8.408231693e-01
1.601788121e+01 8.515215346e-01
1.601788121e+01 8.323536302e-01
1.601788121e+01 8.158603171e-01
1.601788121e+01 8.555334216e-01
1.602976828e+01 8.305705693e-01
1.602976828e+01 8.452808215e-01
1.602976828e+01 8.127399605e-01
1.602976828e+01 8.189806736e-01
1.602976828e+01 8.417146998e-01
1.604160582e+01 8.711352042e-01
1.604160582e+01 8.189806736e-01
1.604160582e+01 8.305705693e-01
1.605354242e+01 8.270044475e-01
1.605354242e+01 8.203179693e-01
1.605354242e+01 8.720267347e-01
1.605354242e+01 8.546418911e-01
1.605354242e+01 8.457265868e-01
1.605354242e+01 8.541961259e-01
1.605354242e+01 8.096196040e-01
1.605354242e+01 8.501842389e-01
1.606537997e+01 8.564249520e-01
1.606537997e+01 8.350282215e-01
1.607731657e+01 8.350282215e-01
1.606537997e+01 7.917889952e-01
1.606537997e+01 8.198722040e-01
1.607731657e+01 8.711352042e-01
1.607731657e+01 8.640029607e-01
1.608920364e+01 8.114026649e-01
1.608920364e+01 8.194264388e-01
1.608920364e+01 8.715809695e-01
1.608920364e+01 8.421604650e-01
1.610104118e+01 8.484011781e-01
1.610104118e+01 8.109568997e-01
1.610104118e+01 8.341366911e-01
1.610104118e+01 8.675690825e-01
1.610104118e+01 8.510757694e-01
1.610104118e+01 8.947607609e-01
1.610104118e+01 8.791589782e-01
1.611297778e+01 8.546418911e-01
1.611297778e+01 8.640029607e-01
1.611297778e+01 8.613283694e-01
1.611297778e+01 8.252213867e-01
1.611297778e+01 8.180891432e-01
1.611297778e+01 8.613283694e-01
1.612481533e+01 8.385943432e-01
1.612481533e+01 8.372570476e-01
1.612481533e+01 8.385943432e-01
1.612481533e+01 8.296790389e-01
1.612481533e+01 8.212094997e-01
1.612481533e+01 8.488469433e-01
1.612481533e+01 8.310163345e-01
1.613675193e+01 8.769301521e-01
1.613675193e+01 7.926805257e-01
1.613675193e+01 8.185349084e-01
1.613675193e+01 8.470638824e-01
1.613675193e+01 8.479554128e-01
1.613675193e+01 8.452808215e-01
1.613675193e+01 8.604368390e-01
1.613675193e+01 8.640029607e-01
1.614863900e+01 8.640029607e-01
1.614863900e+01 8.488469433e-01
1.614863900e+01 8.501842389e-01
1.614863900e+01 8.439435259e-01
1.614863900e+01 8.216552649e-01
1.614863900e+01 9.050133609e-01
1.616052608e+01 8.421604650e-01
1.616052608e+01 8.479554128e-01
1.616052608e+01 8.381485780e-01
1.616052608e+01 8.296790389e-01
1.616052608e+01 8.484011781e-01
1.617241315e+01 8.711352042e-01
1.617241315e+01 8.078365431e-01
1.618425069e+01 8.421604650e-01
1.618425069e+01 8.702436738e-01
1.618425069e+01 8.559791868e-01
1.618425069e+01 8.412689346e-01
1.618425069e+01 8.354739867e-01
1.619618729e+01 8.898573435e-01
1.619618729e+01 8.849539260e-01
1.619618729e+01 8.234383258e-01
1.620807437e+01 8.702436738e-01
1.620807437e+01 8.198722040e-01
1.620807437e+01 8.443892911e-01
1.620807437e+01 8.171976127e-01
1.621996144e+01 8.662317868e-01
1.621996144e+01 8.180891432e-01
1.621996144e+01 8.550876564e-01
1.623184851e+01 8.702436738e-01
1.623184851e+01 8.381485780e-01
1.623184851e+01 8.947607609e-01
1.623184851e+01 8.582080129e-01
1.623184851e+01 8.595453085e-01
1.624368605e+01 8.635571955e-01
1.624368605e+01 8.541961259e-01
1.624368605e+01 8.729182651e-01
1.624368605e+01 8.680148477e-01
1.624368605e+01 9.076879522e-01
1.624368605e+01 8.693521434e-01
1.624368605e+01 8.671233173e-01
1.624368605e+01 8.430519954e-01
1.624368605e+01 8.747013260e-01
1.625562266e+01 8.394858737e-01
1.625562266e+01 8.501842389e-01
1.625562266e+01 8.706894390e-01
1.625562266e+01 8.363655172e-01
1.625562266e+01 8.724724999e-01
1.625562266e+01 8.680148477e-01
1.625562266e+01 8.492927085e-01
1.625562266e+01 8.417146998e-01
1.625562266e+01 8.341366911e-01
1.626750973e+01 8.452808215e-01
1.626750973e+01 8.506300042e-01
1.627939680e+01 8.590995433e-01
1.627939680e+01 8.207637345e-01
1.627939680e+01 8.880742826e-01
1.629128387e+01 8.555334216e-01
1.629128387e+01 8.724724999e-01
1.629128387e+01 8.871827521e-01
1.629128387e+01 8.537503607e-01
1.629128387e+01 8.635571955e-01
1.629128387e+01 9.090252479e-01
1.629128387e+01 8.764843869e-01
1.630312142e+01 8.550876564e-01
1.630312142e+01 8.898573435e-01
1.630312142e+01 8.515215346e-01
1.630312142e+01 8.394858737e-01
1.631505802e+01 8.898573435e-01
1.631505802e+01 8.448350563e-01
1.631505802e+01 8.809420391e-01
1.631505802e+01 8.466181172e-01
1.631505802e+01 8.840623956e-01
1.631505802e+01 8.203179693e-01
1.632694509e+01 8.394858737e-01
1.632694509e+01 8.577622477e-01
1.632694509e+01 9.001099435e-01
1.632694509e+01 8.684606129e-01
1.632694509e+01 9.116998392e-01
1.632694509e+01 9.148201957e-01
1.632694509e+01 8.363655172e-01
1.633883216e+01 8.644487260e-01
1.633883216e+01 8.448350563e-01
1.633883216e+01 8.787132130e-01
1.633883216e+01 8.675690825e-01
1.633883216e+01 8.666775520e-01
1.635071924e+01 8.047161866e-01
1.635071924e+01 8.060534822e-01
1.635071924e+01 8.363655172e-01
1.635071924e+01 8.769301521e-01
1.635071924e+01 8.475096476e-01
1.636260631e+01 8.301248041e-01
1.636260631e+01 8.207637345e-01
1.636260631e+01 8.684606129e-01
1.637449338e+01 8.853996913e-01
1.637449338e+01 8.354739867e-01
1.637449338e+01 8.911946391e-01
1.637449338e+01 8.448350563e-01
1.637449338e+01 8.537503607e-01
1.637449338e+01 8.417146998e-01
1.637449338e+01 8.394858737e-01
1.637449338e+01 8.867369869e-01
1.637449338e+01 8.635571955e-01
1.637449338e+01 8.198722040e-01
1.638638045e+01 8.693521434e-01
1.638638045e+01 8.461723520e-01
1.638638045e+01 8.475096476e-01
1.638638045e+01 8.457265868e-01
1.639826753e+01 8.314620997e-01
1.639826753e+01 8.657860216e-01
1.639826753e+01 8.528588303e-01
1.639826753e+01 8.675690825e-01
1.639826753e+01 8.920861695e-01
1.641015460e+01 8.920861695e-01
1.641015460e+01 8.675690825e-01
1.641015460e+01 8.644487260e-01
1.641015460e+01 8.385943432e-01
1.641015460e+01 8.613283694e-01
1.641015460e+01 8.648944912e-01
1.641015460e+01 8.769301521e-01
1.641015460e+01 8.715809695e-01
1.641015460e+01 8.853996913e-01
1.642204167e+01 8.809420391e-01
1.642204167e+01 8.537503607e-01
1.642204167e+01 8.738097956e-01
1.642204167e+01 8.831708652e-01
1.642204167e+01 8.595453085e-01
1.642204167e+01 8.354739867e-01
1.643392874e+01 8.711352042e-01
1.643392874e+01 8.657860216e-01
1.643392874e+01 8.323536302e-01
1.644581582e+01 8.568707172e-01
1.645770289e+01 8.831708652e-01
1.646958996e+01 8.470638824e-01
1.648147703e+01 8.394858737e-01
1.648147703e+01 8.617741346e-01
1.649336411e+01 8.256671519e-01
1.649336411e+01 8.845081608e-01
1.649336411e+01 8.894115782e-01
1.649336411e+01 8.568707172e-01
1.649336411e+01 8.550876564e-01
1.650525118e+01 8.590995433e-01
1.650525118e+01 8.336909258e-01
1.650525118e+01 8.867369869e-01
1.650525118e+01 8.853996913e-01
1.650525118e+01 8.662317868e-01
1.650525118e+01 8.555334216e-01
1.651713825e+01 8.684606129e-01
1.651713825e+01 8.221010301e-01
1.652902532e+01 8.466181172e-01
1.652902532e+01 8.519672998e-01
1.652902532e+01 8.934234652e-01
1.652902532e+01 8.662317868e-01
1.652902532e+01 8.773759173e-01
1.654091240e+01 8.443892911e-01
1.654091240e+01 8.484011781e-01
1.654091240e+01 8.644487260e-01
1.654091240e+01 8.862912217e-01
1.654091240e+01 8.791589782e-01
1.654091240e+01 8.769301521e-01
1.654091240e+01 8.796047434e-01
1.655279947e+01 8.640029607e-01
1.655279947e+01 8.452808215e-01
1.655279947e+01 8.573164824e-01
1.655279947e+01 8.149687866e-01
1.655279947e+01 8.693521434e-01
1.655279947e+01 9.067964218e-01
1.655279947e+01 8.715809695e-01
1.655279947e+01 8.845081608e-01
1.656468654e+01 8.871827521e-01
1.656468654e+01 8.229925606e-01
1.656468654e+01 8.648944912e-01
1.656468654e+01 8.443892911e-01
1.656468654e+01 8.167518475e-01
1.656468654e+01 8.920861695e-01
1.656468654e+01 8.524130650e-01
1.656468654e+01 8.270044475e-01
1.657657361e+01 8.796047434e-01
1.657657361e+01 8.350282215e-01
1.657657361e+01 8.773759173e-01
1.658846069e+01 8.274502128e-01
1.658846069e+01 8.501842389e-01
1.658846069e+01 8.368112824e-01
1.658846069e+01 8.546418911e-01
1.658846069e+01 8.100653692e-01
1.658846069e+01 8.617741346e-01
1.660034776e+01 8.528588303e-01
1.660034776e+01 8.804962738e-01
1.660034776e+01 8.724724999e-01
1.660034776e+01 8.385943432e-01
1.660034776e+01 8.439435259e-01
1.660034776e+01 8.564249520e-01
1.660034776e+01 8.760386216e-01
1.661223483e+01 8.434977607e-01
1.661223483e+01 8.675690825e-01
1.661223483e+01 8.796047434e-01
1.661223483e+01 8.648944912e-01
1.661223483e+01 8.849539260e-01
1.661223483e+01 8.996641783e-01
1.661223483e+01 8.947607609e-01
1.661223483e+01 8.488469433e-01
1.662412190e+01 8.541961259e-01
1.662412190e+01 8.671233173e-01
1.662412190e+01 8.831708652e-01
1.662412190e+01 8.693521434e-01
1.663600898e+01 8.412689346e-01
1.663600898e+01 8.675690825e-01
1.663600898e+01 8.813878043e-01
1.663600898e+01 8.747013260e-01
1.663600898e+01 8.925319348e-01
1.663600898e+01 8.849539260e-01
1.663600898e+01 8.648944912e-01
1.663600898e+01 8.791589782e-01
1.664789605e+01 8.813878043e-01
1.664789605e+01 8.359197519e-01
1.665978312e+01 8.853996913e-01
1.665978312e+01 8.626656651e-01
1.667167019e+01 8.813878043e-01
1.667167019e+01 9.063506566e-01
1.668355727e+01 9.063506566e-01
1.667167019e+01 8.541961259e-01
1.667167019e+01 8.697979086e-01
1.667167019e+01 8.853996913e-01
1.667167019e+01 8.943149956e-01
1.668355727e+01 8.510757694e-01
1.668355727e+01 8.430519954e-01
1.669544434e+01 8.675690825e-01
1.669544434e+01 8.595453085e-01
1.669544434e+01 8.720267347e-01
1.669544434e+01 8.439435259e-01
1.669544434e+01 8.479554128e-01
1.670733141e+01 8.657860216e-01
1.670733141e+01 8.916404043e-01
1.670733141e+01 8.332451606e-01
1.670733141e+01 8.689063781e-01
1.670733141e+01 8.327993954e-01
1.670733141e+01 8.787132130e-01
1.670733141e+01 8.626656651e-01
1.671921848e+01 8.626656651e-01
1.671921848e+01 8.845081608e-01
1.671921848e+01 8.675690825e-01
1.673110556e+01 8.724724999e-01
1.673110556e+01 8.769301521e-01
1.673110556e+01 8.443892911e-01
1.674299263e+01 8.983268826e-01
1.674299263e+01 8.894115782e-01
1.674299263e+01 8.524130650e-01
1.675487970e+01 9.045675957e-01
1.675487970e+01 8.648944912e-01
1.675487970e+01 8.541961259e-01
1.675487970e+01 8.889658130e-01
1.675487970e+01 8.622198999e-01
1.675487970e+01 8.871827521e-01
1.676676677e+01 9.036760652e-01
1.676676677e+01 8.501842389e-01
1.676676677e+01 8.350282215e-01
1.676676677e+01 8.555334216e-01
1.676676677e+01 8.345824563e-01
1.677865385e+01 8.345824563e-01
1.676676677e+01 8.733640303e-01
1.677865385e+01 8.867369869e-01
1.677865385e+01 8.840623956e-01
1.677865385e+01 8.742555608e-01
1.677865385e+01 8.733640303e-01
1.677865385e+01 8.751470912e-01
1.677865385e+01 8.550876564e-01
1.677865385e+01 8.858454565e-01
1.679054092e+01 8.911946391e-01
1.679054092e+01 8.394858737e-01
1.679054092e+01 8.862912217e-01
1.680242799e+01 8.751470912e-01
1.680242799e+01 8.640029607e-01
1.680242799e+01 8.778216825e-01
1.680242799e+01 8.724724999e-01
1.680242799e+01 8.894115782e-01
1.680242799e+01 8.457265868e-01
1.681431506e+01 8.671233173e-01
1.681431506e+01 8.720267347e-01
1.681431506e+01 9.045675957e-01
1.682620214e+01 8.604368390e-01
1.682620214e+01 8.479554128e-01
1.682620214e+01 9.090252479e-01
1.682620214e+01 8.421604650e-01
1.682620214e+01 8.573164824e-01
1.682620214e+01 8.720267347e-01
1.683808921e+01 8.889658130e-01
1.683808921e+01 8.965438217e-01
1.683808921e+01 8.559791868e-01
1.683808921e+01 8.800505086e-01
1.683808921e+01 8.742555608e-01
1.683808921e+01 8.430519954e-01
1.684997628e+01 8.827250999e-01
1.684997628e+01 8.501842389e-01
1.684997628e+01 8.929777000e-01
1.684997628e+01 8.336909258e-01
1.684997628e+01 8.858454565e-01
1.684997628e+01 8.867369869e-01
1.686186335e+01 8.813878043e-01
1.686186335e+01 8.657860216e-01
1.686186335e+01 8.907488739e-01
1.687375043e+01 8.747013260e-01
1.687375043e+01 8.862912217e-01
1.687375043e+01 8.778216825e-01
1.688563750e+01 8.479554128e-01
1.688563750e+01 8.653402564e-01
1.688563750e+01 8.653402564e-01
1.688563750e+01 8.920861695e-01
1.688563750e+01 8.742555608e-01
1.688563750e+01 8.475096476e-01
1.688563750e+01 8.715809695e-01
1.689752457e+01 8.907488739e-01
1.689752457e+01 8.662317868e-01
1.690941164e+01 8.537503607e-01
1.690941164e+01 8.640029607e-01
1.690941164e+01 9.366626915e-01
1.690941164e+01 9.223982044e-01
1.690941164e+01 8.747013260e-01
1.690941164e+01 9.063506566e-01
1.690941164e+01 8.733640303e-01
1.692129872e+01 8.747013260e-01
1.692129872e+01 9.059048913e-01
1.692129872e+01 8.488469433e-01
1.693318579e+01 8.363655172e-01
1.693318579e+01 8.751470912e-01
1.693318579e+01 8.889658130e-01
1.693318579e+01 8.599910738e-01
1.693318579e+01 8.894115782e-01
1.693318579e+01 8.568707172e-01
1.694507286e+01 8.626656651e-01
1.694507286e+01 8.546418911e-01
1.695695993e+01 8.947607609e-01
1.695695993e+01 8.533045955e-01
1.695695993e+01 8.644487260e-01
1.695695993e+01 8.693521434e-01
1.696884701e+01 8.524130650e-01
1.696884701e+01 8.969895870e-01
1.696884701e+01 8.876285174e-01
1.696884701e+01 8.640029607e-01
1.696884701e+01 8.555334216e-01
1.698073408e+01 8.604368390e-01
1.699262115e+01 9.001099435e-01
1.699262115e+01 8.484011781e-01
1.700450822e+01 8.715809695e-01
1.700450822e+01 8.550876564e-01
1.700450822e+01 8.412689346e-01
1.700450822e+01 8.836166304e-01
1.701639530e+01 8.894115782e-01
1.701639530e+01 8.385943432e-01
1.701639530e+01 8.434977607e-01
1.702828237e+01 8.666775520e-01
1.702828237e+01 8.492927085e-01
1.702828237e+01 8.831708652e-01
1.702828237e+01 8.840623956e-01
1.702828237e+01 9.112540740e-01
1.704016944e+01 9.112540740e-01
1.702828237e+01 8.764843869e-01
1.704016944e+01 9.232897349e-01
1.704016944e+01 8.934234652e-01
1.705205651e+01 9.001099435e-01
1.705205651e+01 8.626656651e-01
1.705205651e+01 9.152659609e-01
1.705205651e+01 8.657860216e-01
1.705205651e+01 8.720267347e-01
1.706394359e+01 8.827250999e-01
1.706394359e+01 8.867369869e-01
1.706394359e+01 8.773759173e-01
1.706394359e+01 8.849539260e-01
1.707583066e+01 8.978811174e-01
1.707583066e+01 8.524130650e-01
1.707583066e+01 8.296790389e-01
1.707583066e+01 8.671233173e-01
1.708771773e+01 8.599910738e-01
1.709960480e+01 8.599910738e-01
1.711149188e+01 8.876285174e-01
1.711149188e+01 8.470638824e-01
1.712337895e+01 8.738097956e-01
1.713526602e+01 9.010014739e-01
1.713526602e+01 8.341366911e-01
1.713526602e+01 8.831708652e-01
1.713526602e+01 8.898573435e-01
1.714715309e+01 8.827250999e-01
1.714715309e+01 8.720267347e-01
1.714715309e+01 8.782674477e-01
1.714715309e+01 8.831708652e-01
1.714715309e+01 8.648944912e-01
1.715904017e+01 9.023387696e-01
1.715904017e+01 8.947607609e-01
1.715904017e+01 8.965438217e-01
1.715904017e+01 8.858454565e-01
1.715904017e+01 8.894115782e-01
1.717092724e+01 8.894115782e-01
1.715904017e+01 8.653402564e-01
1.717092724e+01 9.067964218e-01
1.717092724e+01 8.492927085e-01
1.717092724e+01 8.528588303e-01
1.717092724e+01 8.368112824e-01
1.717092724e+01 8.840623956e-01
1.718281431e+01 8.550876564e-01
1.718281431e+01 8.907488739e-01
1.718281431e+01 8.929777000e-01
1.718281431e+01 8.983268826e-01
1.718281431e+01 8.631114303e-01
1.719470138e+01 8.755928564e-01
1.719470138e+01 9.108083087e-01
1.719470138e+01 8.751470912e-01
1.719470138e+01 8.760386216e-01
1.719470138e+01 8.706894390e-01
1.719470138e+01 8.871827521e-01
1.720658846e+01 8.573164824e-01
1.720658846e+01 8.738097956e-01
1.720658846e+01 8.880742826e-01
1.720658846e+01 8.845081608e-01
1.721847553e+01 8.845081608e-01
1.721847553e+01 8.929777000e-01
1.721847553e+01 8.920861695e-01
1.721847553e+01 8.319078650e-01
1.721847553e+01 8.613283694e-01
1.721847553e+01 8.434977607e-01
1.723036260e+01 8.697979086e-01
1.723036260e+01 8.804962738e-01
1.723036260e+01 8.510757694e-01
1.723036260e+01 8.858454565e-01
1.724224967e+01 9.157117262e-01
1.724224967e+01 8.452808215e-01
1.724224967e+01 9.085794827e-01
1.725413675e+01 8.947607609e-01
1.725413675e+01 8.796047434e-01
1.726602382e+01 9.072421870e-01
1.726602382e+01 8.724724999e-01
1.726602382e+01 8.889658130e-01
1.727791089e+01 8.871827521e-01
1.727791089e+01 8.697979086e-01
1.728979796e+01 8.929777000e-01
1.728979796e+01 8.898573435e-01
1.730168504e+01 8.889658130e-01
1.730168504e+01 8.693521434e-01
1.730168504e+01 8.871827521e-01
1.731357211e+01 9.090252479e-01
1.731357211e+01 8.987726478e-01
1.731357211e+01 8.653402564e-01
1.731357211e+01 8.475096476e-01
1.731357211e+01 9.045675957e-01
1.732545918e+01 8.724724999e-01
1.733734625e+01 8.747013260e-01
1.733734625e+01 8.706894390e-01
1.733734625e+01 8.733640303e-01
1.733734625e+01 8.631114303e-01
1.733734625e+01 8.742555608e-01
1.734923333e+01 8.564249520e-01
1.734923333e+01 8.706894390e-01
1.736112040e+01 8.987726478e-01
1.736112040e+01 8.903031087e-01
1.736112040e+01 8.515215346e-01
1.737300747e+01 8.689063781e-01
1.737300747e+01 8.952065261e-01
1.737300747e+01 9.143744305e-01
1.737300747e+01 8.960980565e-01
1.737300747e+01 9.014472391e-01
1.738489454e+01 9.032303000e-01
1.738489454e+01 8.644487260e-01
1.739678162e+01 8.657860216e-01
1.739678162e+01 8.827250999e-01
1.739678162e+01 8.916404043e-01
1.739678162e+01 8.996641783e-01
1.739678162e+01 8.849539260e-01
1.740866869e+01 8.876285174e-01
1.740866869e+01 8.702436738e-01
1.742055576e+01 8.849539260e-01
1.742055576e+01 8.720267347e-01
1.742055576e+01 9.112540740e-01
1.742055576e+01 8.475096476e-01
1.742055576e+01 8.960980565e-01
1.743244283e+01 8.836166304e-01
1.744432991e+01 8.448350563e-01
1.745621698e+01 8.871827521e-01
1.745621698e+01 8.920861695e-01
1.745621698e+01 8.555334216e-01
1.745621698e+01 8.550876564e-01
1.745621698e+01 8.880742826e-01
1.746810405e+01 8.889658130e-01
1.746810405e+01 8.987726478e-01
1.746810405e+01 9.041218305e-01
1.746810405e+01 9.014472391e-01
1.747999112e+01 8.907488739e-01
1.747999112e+01 8.541961259e-01
1.747999112e+01 8.827250999e-01
1.749187820e+01 9.001099435e-01
1.749187820e+01 8.813878043e-01
1.749187820e+01 8.809420391e-01
1.750376527e+01 8.733640303e-01
1.750376527e+01 8.978811174e-01
1.750376527e+01 8.885200478e-01
1.751565234e+01 9.223982044e-01
1.752753941e+01 9.223982044e-01
1.751565234e+01 8.983268826e-01
1.751565234e+01 8.831708652e-01
1.752753941e+01 8.724724999e-01
1.752753941e+01 8.840623956e-01
1.752753941e+01 8.711352042e-01
1.755131356e+01 8.965438217e-01
1.755131356e+01 9.018930044e-01
1.756320063e+01 8.840623956e-01
1.757508770e+01 8.849539260e-01
1.757508770e+01 9.473610567e-01
1.757508770e+01 8.595453085e-01
1.757508770e+01 8.733640303e-01
1.757508770e+01 8.849539260e-01
1.758697478e+01 8.916404043e-01
1.759886185e+01 8.497384737e-01
1.761074892e+01 8.929777000e-01
1.762263599e+01 8.764843869e-01
1.762263599e+01 8.969895870e-01
1.762263599e+01 8.929777000e-01
1.762263599e+01 8.960980565e-01
1.763452307e+01 8.880742826e-01
1.763452307e+01 8.515215346e-01
1.763452307e+01 8.898573435e-01
1.763452307e+01 8.858454565e-01
1.764641014e+01 9.099167783e-01
1.764641014e+01 8.773759173e-01
1.765829721e+01 8.787132130e-01
1.765829721e+01 8.876285174e-01
1.765829721e+01 8.903031087e-01
1.765829721e+01 8.693521434e-01
1.765829721e+01 8.987726478e-01
1.765829721e+01 8.938692304e-01
1.767018428e+01 8.978811174e-01
1.770584550e+01 8.983268826e-01
1.770584550e+01 8.755928564e-01
1.771773257e+01 8.974353522e-01
1.771773257e+01 9.085794827e-01
1.772961965e+01 9.112540740e-01
1.772961965e+01 9.157117262e-01
1.772961965e+01 9.228439697e-01
1.774150672e+01 8.671233173e-01
1.774150672e+01 8.965438217e-01
1.775339379e+01 9.206151436e-01
1.776528086e+01 9.014472391e-01
1.776528086e+01 8.960980565e-01
1.776528086e+01 8.969895870e-01
1.776528086e+01 9.313135088e-01
1.776528086e+01 8.849539260e-01
1.777716794e+01 8.987726478e-01
1.777716794e+01 9.014472391e-01
1.778905501e+01 9.014472391e-01
1.777716794e+01 8.524130650e-01
1.780094208e+01 9.094710131e-01
1.780094208e+01 9.010014739e-01
1.780094208e+01 8.871827521e-01
1.782471623e+01 8.787132130e-01
1.782471623e+01 9.059048913e-01
1.783660330e+01 8.903031087e-01
1.784849037e+01 8.742555608e-01
1.786037744e+01 8.804962738e-01
1.786037744e+01 8.800505086e-01
1.786037744e+01 8.885200478e-01
1.786037744e+01 9.415661089e-01
1.788415159e+01 9.027845348e-01
1.788415159e+01 9.014472391e-01
1.788415159e+01 8.916404043e-01
1.788415159e+01 8.983268826e-01
1.789603866e+01 8.992184131e-01
1.789603866e+01 9.054591261e-01
1.789603866e+01 8.925319348e-01
1.789603866e+01 8.934234652e-01
1.790792573e+01 9.005557087e-01
1.790792573e+01 8.769301521e-01
1.791981281e+01 8.996641783e-01
1.793169988e+01 9.192778479e-01
1.793169988e+01 8.894115782e-01
1.793169988e+01 8.920861695e-01
1.794358695e+01 9.362169262e-01
1.794358695e+01 8.992184131e-01
1.794358695e+01 9.010014739e-01
1.794358695e+01 8.903031087e-01
1.795547402e+01 8.903031087e-01
1.795547402e+01 8.880742826e-01
1.795547402e+01 8.800505086e-01
1.795547402e+01 8.764843869e-01
1.796736110e+01 8.907488739e-01
1.797924817e+01 8.747013260e-01
1.797924817e+01 9.090252479e-01
1.797924817e+01 9.041218305e-01
1.797924817e+01 9.183863175e-01
1.797924817e+01 8.956522913e-01
1.803868353e+01 8.956522913e-01
1.803868353e+01 9.161574914e-01
1.805057060e+01 9.067964218e-01
1.805057060e+01 8.880742826e-01
1.805057060e+01 8.938692304e-01
1.806245768e+01 8.858454565e-01
1.807434475e+01 8.920861695e-01
1.807434475e+01 8.880742826e-01
1.807434475e+01 8.965438217e-01
1.808623182e+01 8.965438217e-01
1.811000597e+01 8.956522913e-01
1.811000597e+01 8.845081608e-01
1.811000597e+01 8.738097956e-01
1.811000597e+01 8.925319348e-01
1.811000597e+01 8.871827521e-01
1.812189304e+01 8.827250999e-01
1.812189304e+01 9.036760652e-01
1.813378011e+01 8.702436738e-01
1.814566718e+01 8.898573435e-01
1.815755426e+01 9.281931523e-01
1.816944133e+01 9.032303000e-01
1.818132840e+01 8.920861695e-01
1.819321547e+01 8.898573435e-01
1.820510255e+01 8.831708652e-01
1.820510255e+01 8.849539260e-01
1.821698962e+01 8.956522913e-01
1.821698962e+01 9.215066740e-01
1.821698962e+01 9.210609088e-01
1.822887669e+01 8.871827521e-01
1.822887669e+01 8.729182651e-01
1.822887669e+01 9.036760652e-01
1.822887669e+01 8.715809695e-01
1.822887669e+01 9.072421870e-01
1.824076376e+01 9.232897349e-01
1.824076376e+01 8.791589782e-01
1.825265084e+01 9.134829001e-01
1.825265084e+01 9.050133609e-01
1.826453791e+01 8.849539260e-01
1.827642498e+01 9.139286653e-01
1.827642498e+01 9.001099435e-01
1.828831205e+01 9.036760652e-01
1.830019913e+01 8.684606129e-01
1.832397327e+01 8.747013260e-01
1.832397327e+01 9.406745784e-01
1.837152156e+01 8.894115782e-01
1.837152156e+01 9.005557087e-01
1.837152156e+01 8.876285174e-01
1.837152156e+01 8.996641783e-01
1.838340863e+01 8.996641783e-01
1.837152156e+01 8.996641783e-01
1.838340863e+01 9.188320827e-01
1.841906985e+01 8.992184131e-01
1.843095692e+01 8.849539260e-01
1.843095692e+01 8.885200478e-01
1.845473107e+01 8.978811174e-01
1.846661814e+01 9.045675957e-01
1.849039229e+01 8.840623956e-01
1.853794058e+01 8.983268826e-01
1.853794058e+01 9.201693783e-01
1.854982765e+01 9.023387696e-01
1.854982765e+01 8.992184131e-01
1.854982765e+01 8.163060823e-01
1.856171472e+01 9.067964218e-01
1.856171472e+01 8.956522913e-01
1.857360179e+01 8.987726478e-01
1.857360179e+01 8.782674477e-01
1.857360179e+01 9.241812653e-01
1.859737594e+01 9.045675957e-01
1.860926301e+01 9.045675957e-01
1.859737594e+01 8.920861695e-01
1.860926301e+01 8.969895870e-01
1.862115008e+01 9.023387696e-01
1.865681130e+01 9.121456044e-01
1.870435959e+01 9.215066740e-01
1.872813374e+01 9.241812653e-01
1.876379496e+01 9.018930044e-01
1.882323032e+01 9.143744305e-01
1.883511739e+01 9.228439697e-01
1.884700446e+01 8.960980565e-01
1.884700446e+01 9.250727958e-01
1.891832690e+01 8.983268826e-01
1.893021397e+01 9.273016219e-01
1.902531055e+01 9.130371348e-01
1.903719762e+01 9.134829001e-01
1.908474591e+01 9.130371348e-01
1.910852006e+01 9.353253958e-01
1.915606835e+01 9.108083087e-01
1.916795542e+01 9.348796306e-01
1.920361664e+01 9.460237611e-01
1.927493907e+01 9.130371348e-01
1.928682615e+01 8.876285174e-01
1.935814858e+01 9.170490218e-01
1.939380980e+01 9.322050393e-01
1.950079345e+01 9.010014739e-01
1.953645467e+01 9.206151436e-01
1.958400296e+01 9.384457523e-01
1.961966418e+01 9.429034045e-01
1.963155125e+01 9.237355001e-01
1.969098661e+01 9.491441176e-01
1.970287368e+01 9.317592740e-01
1.976230905e+01 9.330965697e-01
1.988117977e+01 9.197236131e-01
2.001193757e+01 9.478068219e-01
2.010703415e+01 9.223982044e-01
2.045175925e+01 9.379999871e-01
2.120064482e+01 9.593967176e-01
