2.4382480265e-12 1.2462090716e-14
2.5907048425e-12 2.9399288896e-14
2.8185482274e-12 7.9732557026e-14
3.0392156863e-12 1.9143487227e-13
3.2693631820e-12 4.6529834420e-13
3.5393642305e-12 1.0992276174e-12
3.8011539544e-12 2.5621097576e-12
4.1079987551e-12 5.8916244832e-12
4.3783422460e-12 1.1559447129e-11
4.5977421272e-12 1.9929523337e-11
4.9343434343e-12 4.1961867755e-11
5.2709447415e-12 8.4239892566e-11
5.6075460487e-12 1.5698024696e-10
5.9441473559e-12 2.7933414245e-10
6.2807486631e-12 4.7251401960e-10
6.6173499703e-12 7.6550955747e-10
6.9539512775e-12 1.1754516425e-9
7.2905525847e-12 1.7650547453e-9
7.6271538919e-12 2.5120589360e-9
7.9637551990e-12 3.4754725946e-9
8.3003565062e-12 4.6051433562e-9
8.6369578134e-12 5.8790146858e-9
8.9735591206e-12 7.1987632951e-9
9.3101604278e-12 8.5053083490e-9
9.6467617350e-12 9.6099418219e-9
9.9833630422e-12 1.0383648541e-8
1.0319964349e-11 1.0841883545e-8
1.0656565657e-11 1.0634019020e-8
1.0993166964e-11 9.9596009427e-9
1.1329768271e-11 8.9071394724e-9
1.1666369578e-11 7.3504159311e-9
1.1858288770e-11 5.8465513295e-9
1.1992424242e-11 4.1976194162e-9
1.2078877005e-11 2.5857552349e-9
1.2150512478e-11 1.9240813538e-10
1.2162528648e-11 2.0152426028e-11

