6.8092691622e-13 2.7664543525e-14
7.6398438163e-13 8.1729061587e-14
8.3775252525e-13 1.7732138527e-13
9.2232785370e-13 4.0441392004e-13
1.0311282762e-12 9.5271003010e-13
1.0940285205e-12 1.9540857796e-12
1.2011289364e-12 4.2359139290e-12
1.2834224599e-12 9.3457676957e-12
1.3857694593e-12 1.8980907347e-11
1.5435234700e-12 3.9984188348e-11
1.6965240642e-12 8.2989811413e-11
1.9049316696e-12 1.7312770488e-10
2.0436720143e-12 3.7672245650e-10
2.2490394137e-12 8.1913338934e-10
2.4714002773e-12 1.6736999834e-9
2.6774142812e-12 3.2701651177e-9
2.9559153628e-12 6.5560614312e-9
3.2209595960e-12 1.2425327327e-8
3.5105310067e-12 2.2283275708e-8
3.7767379679e-12 3.4737018568e-8
4.0469399881e-12 5.1702269901e-8
4.3835412953e-12 7.7289923244e-8
4.7201426025e-12 1.0410366893e-7
5.0567439097e-12 1.2484333539e-7
5.3933452169e-12 1.3171860779e-7
5.6216577540e-12 1.1559447129e-7
5.7748068925e-12 8.9333514013e-8
5.8622994652e-12 4.7934994365e-8
5.9099397335e-12 2.6345425714e-8
5.9257872846e-12 1.4820074410e-8
5.9425133690e-12 2.3350617417e-10
5.9441473559e-12 4.2377933370e-10

