1.0462142433e-11 1.0503564048e-14
1.0853386809e-11 1.8227130125e-14
1.1222667855e-11 3.0668136437e-14
1.1712269756e-11 5.8691422451e-14
1.2201871658e-11 1.0737390079e-13
1.2691473559e-11 1.8778447040e-13
1.3181075460e-11 3.1588220883e-13
1.3670677362e-11 5.2166001644e-13
1.4160279263e-11 8.2017837407e-13
1.4649881165e-11 1.2466849377e-12
1.5139483066e-11 1.8414326185e-12
1.5629084967e-11 2.6241783752e-12
1.6118686869e-11 3.6043309145e-12
1.6608288770e-11 4.8601855885e-12
1.7097890671e-11 6.2777950193e-12
1.7587492573e-11 7.8797443927e-12
1.8077094474e-11 9.5521282932e-12
1.8566696376e-11 1.1240723560e-11
1.9056298277e-11 1.2710081074e-11
1.9545900178e-11 1.3894086858e-11
2.0035502080e-11 1.4653794582e-11
2.0525103981e-11 1.4941624724e-11
2.1014705882e-11 1.4430482172e-11
2.1504307784e-11 1.3487644585e-11
2.1993909685e-11 1.2075843200e-11
2.2483511586e-11 1.0335599312e-11
2.2973113488e-11 8.5435208106e-12
2.3462715389e-11 6.8205770150e-12
2.3952317291e-11 5.2426941152e-12
2.4441919192e-11 3.8014102956e-12
2.4712566845e-11 2.9255024503e-12
2.4829174094e-11 1.8415424393e-12
2.4977421272e-11 1.0862338587e-14
2.4982174688e-11 1.4700711026e-13

