5.6143790850e-12 1.0496126094e-14
5.8823529412e-12 2.0092330026e-14
6.1961926962e-12 3.7660989342e-14
6.4949494949e-12 7.7001781612e-14
6.9080510992e-12 1.7961830248e-13
7.3517528223e-12 4.2431995742e-13
7.8260546643e-12 9.7609755029e-13
8.2850564468e-12 2.0405374811e-12
8.8970588235e-12 4.9759848209e-12
9.3866607249e-12 9.5325899622e-12
9.8762626263e-12 1.7173774319e-11
1.0365864528e-11 2.9396101276e-11
1.0855466429e-11 4.7757132864e-11
1.1345068330e-11 7.4169201517e-11
1.1834670232e-11 1.1056668198e-10
1.2324272133e-11 1.5580127566e-10
1.2813874034e-11 2.1073324613e-10
1.3303475936e-11 2.7108710923e-10
1.3793077837e-11 3.3234386913e-10
1.4282679739e-11 3.8790453359e-10
1.4772281640e-11 4.2884201928e-10
1.5261883541e-11 4.5136532023e-10
1.5751485443e-11 4.4585411830e-10
1.6241087344e-11 4.1374783417e-10
1.6730689245e-11 3.6256019857e-10
1.7220291147e-11 2.9908326229e-10
1.7709893048e-11 2.3512948248e-10
1.8188948307e-11 1.5652748042e-10
1.8415775401e-11 7.9817459782e-11
1.8474085778e-11 3.4894944543e-11
1.8520796197e-11 1.0732197419e-12
1.8533910534e-11 6.9033862373e-12

