-0.23261529645151774, 10.961769859158359, , 
-0.20675799776078763, 11.532952543922491, , 
-0.2036372892981133, 12.342128014005015, , 
-0.19798038602132903, 11.569246443683545, , 
-0.19603613511402798, 12.817433605255166, , 
-0.1947209794047581, 11.509153265390653, , 
-0.19402996538802306, 11.70683602269574, , 
-0.19040152261197713, 11.854837786065612, , 
-0.1878587231238721, 13.048878440924584, , 
-0.1837142901919607, 11.973834178724807, , 
-0.17939355507518068, 12.218832396836842, , 
-0.1786716215967187, 12.163633425016222, , 
-0.17822580610205094, 12.104135228686625, , 
-0.17047191883182947, 12.538075407250487, , 
-0.170646942692699, 11.628149658049848, , 
-0.16632748589991805, 12.735411091743652, , 
-0.16482905048728475, 13.064303899232259, , 
-0.1630680792833472, 12.550371701158603, , 
-0.1630680792833471, 12.473024045930128, , 
-0.15814181806726835, 11.926235621661128, , 
-0.153398836554553, 12.818708566605087, , 
-0.1527920321312552, 12.878206762934685, , 
-0.1527920321312552, 12.592615420552617, , 
-0.15216721496069813, 13.075001554733943, , 
-0.14967132366858088, 13.009102794859798, , 
-0.14967132366858088, 11.854837786065612, , 
-0.14765896206070556, 12.34586317855237, , 
-0.1472632445193528, 13.063101915468023, , 
-0.14432153773256778, 11.545447165151707, , 
-0.14387572223790002, 12.55691650275486, , 
-0.14166424274461387, 13.279193291355996, , 
-0.13988098076594285, 12.96980267044209, , 
-0.1394175672912224, 13.16379810531675, , 
-0.138994042571288, 12.794314306109953, , 
-0.13672038354848248, 13.424995187203683, , 
-0.13542282581926524, 13.160196898696801, , 
-0.13512040127317482, 12.902006041466523, , 
-0.13386176055843096, 13.312994340052331, , 
-0.13295324261853986, 12.55171041057602, , 
-0.1325352905922889, 14.216916180350623, , 
-0.13230211735659092, 12.981702309708009, , 
-0.13183870388187047, 12.74731073100957, , 
-0.1313928883872027, 13.552189109134956, , 
-0.12963191718326506, 11.99703847529335, , 
-0.12916381091386392, 13.282794497975946, , 
-0.12827217992452838, 13.8853790085807, , 
-0.12673968916160805, 13.550536381459134, , 
-0.12695233142057777, 13.326791848419674, , 
-0.12675573176463578, 13.086901193999863, , 
-0.12693473344052514, 12.9496045985302, , 
-0.12648891794585737, 12.56881614202078, , 
-0.1260431024511896, 14.07577323683541, , 
-0.12537437920918798, 13.598134938522811, , 
-0.1256195777312552, 12.508722963727886, , 
-0.1251291806871207, 14.507862360402353, , 
-0.1247056559671863, 13.754482976655586, , 
-0.12425984047251853, 14.385163857749315, , 
-0.12425984047251853, 14.08767287610133, , 
-0.12360800418107248, 13.455790011243366, , 
-0.12292239398851529, 12.640213977616295, , 
-0.12292239398851529, 12.069031292852163, , 
-0.12249886926858089, 12.342128014005015, , 
-0.12204836097923244, 13.243494373558237, , 
-0.12204836097923244, 12.993601948973929, , 
-0.12203076299917975, 12.913905680732443, , 
-0.12203076299917975, 11.985733817990726, , 
-0.12136203975717813, 13.505912734211934, , 
-0.12140594582862269, 13.13449975106354, , 
-0.12130012093847425, 13.889676100537837, , 
-0.12111684123511085, 13.710586529585749, , 
-0.1211567299898969, 13.576684273003982, , 
-0.12040848994913872, 12.164228406979518, , 
-0.1197793947511076, 13.996177871967816, , 
-0.11957877777850706, 13.919425198702637, , 
-0.11936701541853989, 13.050900277781341, , 
-0.11980168552584097, 12.687812534679972, , 
-0.11951685895980318, 12.735411091743652, , 
-0.11937346801122584, 13.481487158876627, , 
-0.11803602152722259, 13.207795455760479, , 
-0.11757260805250219, 13.690357142833687, , 
-0.1172877814864644, 13.092400269721235, , 
-0.11694779088194507, 13.550987125370721, , 
-0.11608775483235872, 12.099836004177648, , 
-0.11580694405388375, 13.19589581649456, , 
-0.11461288851845786, 13.711181511549047, , 
-0.11445189958982782, 13.413690529901059, , 
-0.11297287656359895, 13.20922578224408, , 
-0.11311445310582452, 13.718784058857828, , 
-0.11246332784387558, 13.419901306535465, , 
-0.1131320510858772, 13.100698702367204, , 
-0.11311445310582452, 12.693762354312932, , 
-0.11252123087501664, 12.659119049675862, , 
-0.11222282211648904, 13.580285479623932, , 
-0.11193799555045125, 13.247095580178188, , 
-0.11149218005578354, 13.818278264942322, , 
-0.11104636456111577, 13.508887644028414, , 
-0.11104636456111577, 13.306593776507784, , 
-0.11088537563248574, 13.730683698123746, , 
-0.11090766640721911, 12.806213945375871, , 
-0.11024451585890083, 13.931324837968555, , 
-0.10970891807711247, 13.068600991189395, , 
-0.1095702199232158, 12.722916470514436, , 
-0.10717310430188687, 13.423301777000455, , 
-0.1071835148285481, 13.311268634790824, , 
-0.10734114244987703, 12.663418274184838, , 
-0.10689532695520926, 12.603920077855241, , 
-0.10642722068580812, 14.789751592790576, , 
-0.10555788047120596, 12.794314306109953, , 
-0.10435913214109938, 12.890106402200605, , 
-0.10417585243773597, 14.626858753061546, , 
-0.10404541012633317, 13.929451746602624, , 
-0.10305937537282883, 14.032083740013677, , 
-0.10241488123379827, 14.908747985449772, , 
-0.10177402146021336, 14.454908965669011, , 
-0.10154084822451542, 13.19589581649456, , 
-0.10020340174051218, 13.017401227505768, , 
-0.0994947897437245, 13.156261667115002, , 
-0.09795672628712071, 14.2542678258242, , 
-0.09797432426717334, 13.493386798142545, , 
-0.09748862001771957, 14.424564885540915, , 
-0.09752850877250557, 13.207795455760479, , 
-0.09706509529778518, 13.925375018335597, , 
-0.09688609362189587, 13.610485321700319, , 
-0.09641325900633912, 13.32489397931825, , 
-0.09633445323707968, 14.615554095758926, , 
-0.09617346430844964, 14.28996674362196, , 
-0.09481372704971297, 15.067145405900565, , 
-0.09481372704971297, 14.353167049945398, , 
-0.09485361580449903, 13.612383190801742, , 
-0.09439020232977863, 14.896848346183852, , 
-0.09430407888194503, 13.441005610943284, , 
-0.09396198481516349, 14.05266984364076, , 
-0.09351616932049578, 13.945573090247485, , 
-0.09321374477440536, 13.544586561826174, , 
-0.09305275584577533, 14.599357364535866, , 
-0.09307035382582801, 13.493386798142545, , 
-0.09305275584577533, 13.223296301646348, , 
-0.09217872283649248, 13.350591126951512, , 
-0.09169301858703865, 14.769654424252579, , 
-0.0910465861197704, 13.550536381459134, , 
-0.09084127635248918, 13.743279222726855, , 
-0.09000735405449761, 13.7096538551568, , 
-0.09035557210303541, 15.293238551953035, , 
-0.09037786287776878, 13.258995219444106, , 
-0.08946394111369987, 14.234170657286203, , 
-0.08948623188843324, 13.306593776507784, , 
-0.08920140532239551, 14.056271050260712, , 
-0.08880919119317288, 13.962272780387757, , 
-0.08795865820817461, 13.35483398078678, , 
-0.0886121988791504, 13.42198896254703, , 
-0.08770296990976217, 14.646011505784788, , 
-0.08814878540442994, 14.397063497015235, , 
-0.08814878540442994, 13.734980790080886, , 
-0.08725715441509446, 12.854407484402845, , 
-0.08634323265102556, 14.614959113795626, , 
-0.08617047914684178, 14.264514737414299, , 
-0.08636552342575893, 13.984873214665194, , 
-0.08618652174986963, 13.943675221146062, , 
-0.08532115935028722, 14.66722938108963, , 
-0.08502807694175563, 14.182869990228685, , 
-0.08472555928465964, 13.79417542418431, , 
-0.08340580389171459, 12.937704959264282, , 
-0.08324481496308461, 14.230468547292364, , 
-0.08264626638228068, 14.691028659621468, , 
-0.08279899946841685, 13.964048845949833, , 
-0.08279899946841685, 13.044801712657556, , 
-0.08235318397374908, 13.392866161185701, , 
-0.081924966459134, 13.83847633685421, , 
-0.081924966459134, 13.540985355206224, , 
-0.08143926220968017, 14.662557670859304, , 
-0.08099344671501241, 14.876751177645854, , 
-0.08099344671501241, 14.424564885540915, , 
-0.08079282974241192, 13.96623044648192, , 
-0.08073091092370804, 14.829747602545476, , 
-0.08056992199507801, 14.611257003801786, , 
-0.08056992199507801, 14.230468547292364, , 
-0.08010181572567693, 14.388865967743158, , 
-0.07951333927271542, 12.459934442737616, , 
-0.07939346443970474, 13.449389447698819, , 
-0.07939346443970474, 13.354192333571461, , 
-0.07923247551107476, 14.218568908026445, , 
-0.07900956776374085, 13.871033332354564, , 
-0.07854783028712065, 14.778111667873716, , 
-0.078786660016407, 13.734980790080886, , 
-0.07834084452173923, 15.111041852970402, , 
-0.07834084452173923, 14.93254726398161, , 
-0.07819636727809692, 13.981898304848714, , 
-0.07769998474815432, 15.240285157219697, , 
-0.07749636709433977, 14.12789772507288, , 
-0.0774492135324037, 14.980145821045287, , 
-0.07746681151245638, 13.41008932328111, , 
-0.07698110726300256, 15.18614179855976, , 
-0.07700339803773593, 13.913475379069677, , 
-0.0767185714716982, 14.175267442919905, , 
-0.07655758254306821, 15.075342935172642, , 
-0.07655758254306821, 14.51605988967443, , 
-0.07655758254306821, 13.818278264942322, , 
-0.07611176704840045, 14.246665278515422, , 
-0.07568354953378537, 13.064999784569446, , 
-0.07493530949302718, 13.247095580178188, , 
-0.07417577198359321, 15.024218559067211, , 
-0.07404367850369165, 13.104299908987153, , 
-0.072562841071111, 13.42198896254703, , 
-0.0720994275963906, 13.247095580178188, , 
-0.07145856782280569, 14.847597061444354, , 
-0.07163132132698946, 14.436464524806834, , 
-0.07165361210172283, 14.175267442919905, , 
-0.0711855058323217, 14.484063081870513, , 
-0.07120779660705506, 13.865876822006, , 
-0.07122539458710775, 13.529085715940305, , 
-0.07123008738178843, 12.770515027578114, , 
-0.0707619811123873, 15.313335720491033, , 
-0.07077957909243998, 14.028870565108921, , 
-0.07029387484298616, 15.031446488102807, , 
-0.07013716394183023, 13.991273778209742, , 
-0.0700313390516818, 13.556486201092092, , 
-0.069424534628384, 14.56358067131807, , 
-0.06859685258295578, 14.35449356710947, , 
-0.06899631711376891, 14.254963711161391, , 
-0.06836065674338143, 14.115769246590308, , 
-0.06824807707301073, 13.508887644028414, , 
-0.06777578594551792, 14.06427253183607, , 
-0.06741836490237912, 14.907095257773948, , 
-0.06764127264971298, 14.539859168206268, , 
-0.06764127264971298, 14.49226061114259, , 
-0.06765887062976567, 14.183565875565876, , 
-0.06735644608367525, 14.996342552268349, , 
-0.06627221984332649, 13.859704994177779, , 
-0.0672130551350979, 13.19589581649456, , 
-0.06676723964043013, 13.41008932328111, , 
-0.06628153539097631, 15.745424844057975, , 
-0.0656077651811105, 14.517382071815089, , 
-0.06630382616570968, 13.818278264942322, , 
-0.06585801067104191, 15.039644017374885, , 
-0.06585801067104191, 14.575558086004026, , 
-0.06540960322582373, 13.34928027317681, , 
-0.0658756086510946, 13.005501588239849, , 
-0.06538990440164083, 15.079045045166485, , 
-0.06542979315642683, 14.350160825288746, , 
-0.06496637968170643, 14.187167082185825, , 
-0.0647149604783182, 13.426766296303727, , 
-0.06419511887593116, 14.301522615531306, , 
-0.06378992212633317, 14.996342552268349, , 
-0.06343388891878599, 14.502507522732689, , 
-0.06364653117775582, 13.969372368779325, , 
-0.06320071568308805, 14.421558660884264, , 
-0.06320071568308805, 14.243064071895471, , 
-0.06278506815422491, 14.060775913697093, , 
-0.06318311770303536, 13.401790890635139, , 
-0.06254225792945045, 14.847597061444354, , 
-0.061098930265463536, 14.96733718155767, , 
-0.06226919593896646, 14.900550456177694, , 
-0.06214741219408165, 13.745937165258653, , 
-0.06182338044429875, 15.41223494461223, , 
-0.06095221311701354, 14.132692094234876, , 
-0.06184567121903212, 13.949174296867437, , 
-0.061622763471698205, 13.430746679515543, , 
-0.06137756494963098, 14.495962721136433, , 
-0.06141745370441698, 13.172096537962721, , 
-0.06111502915832656, 13.901575739803757, , 
-0.06033788956961328, 14.221238219140604, , 
-0.06097163820974927, 13.993171647311165, , 
-0.06027439013733543, 13.81833659650735, , 
-0.06032132516226424, 13.475889028987154, , 
-0.06022339816899108, 14.746450127684039, , 
-0.06006240924036105, 15.717923455532294, , 
-0.05992249905852387, 15.040206648073038, , 
-0.05977708732377374, 14.573548369150227, , 
-0.05965002990779339, 14.491103701769514, , 
-0.06006240924036105, 14.341862392642778, , 
-0.060080007220413734, 13.386290044749272, , 
-0.059634191725745966, 14.159766597034036, , 
-0.05961659374569328, 13.984873214665194, , 
-0.05961659374569328, 13.107274818803633, , 
-0.05933176717965555, 14.425159867504215, , 
-0.05873178646290883, 14.076609719414195, , 
-0.05847165849802377, 15.349635630170908, , 
-0.05844013619032001, 15.258134616118575, , 
-0.058279147261690034, 15.706023816266374, , 
-0.058279147261690034, 14.873049067652012, , 
-0.058296745241742665, 14.397759382352426, , 
-0.058296745241742665, 13.814677058322372, , 
-0.057610424019688355, 15.53777613886768, , 
-0.057610424019688355, 15.204586239421932, , 
-0.05654592579772655, 14.607357915652294, , 
-0.05723763002845755, 15.298654939480972, , 
-0.057405114252407186, 13.469587519610707, , 
-0.05710268970631677, 14.306163474845022, , 
-0.05677880665463503, 15.480795173921255, , 
-0.05691941000295336, 15.42413458387815, , 
-0.05694170077768673, 13.627884036687611, , 
-0.05651348326307165, 14.350160825288746, , 
-0.0560500697883512, 15.539428866543503, , 
-0.05578815318523389, 14.780661590573555, , 
-0.056067667768403884, 14.195465514831795, , 
-0.055381346546349575, 15.121288764560497, , 
-0.05560425429368343, 14.849249789120172, , 
-0.05542525261779413, 14.276865120591808, , 
-0.05560425429368343, 13.865876822006, , 
-0.05372220365426206, 14.481142261323424, , 
-0.055136148024282294, 15.36463638754855, , 
-0.054951453033634245, 13.990398047181513, , 
-0.05443740047345608, 13.747305416463444, , 
-0.05497943712312636, 12.979804440606587, , 
-0.05471262330434795, 15.456131391682067, , 
-0.05469033252961458, 14.698256588657063, , 
-0.05473022128440058, 13.624282830067662, , 
-0.05408105135356861, 14.92624147223386, , 
-0.054266807809680184, 14.849249789120172, , 
-0.05403237035127734, 14.346683798207415, , 
-0.053277097411517704, 14.679574155009572, , 
-0.05297326739712144, 14.247116022427011, , 
-0.05335288604561128, 15.495532419473665, , 
-0.053230699576702345, 14.588779907410606, , 
-0.053392774800397336, 13.88607489391789, , 
-0.05198329937478319, 13.936098530464765, , 
-0.05270645357834303, 14.87139633997619, , 
-0.05294014718441886, 14.162696049824458, , 
-0.05264453475963915, 14.805948324013638, , 
-0.05264453475963915, 14.73455048841812, , 
-0.052461255056275746, 15.007647209570969, , 
-0.051859404138474285, 13.76403574262184, , 
-0.05156962406694021, 15.293238551953035, , 
-0.05159191484167358, 15.218138606363677, , 
-0.0507002838523381, 15.331185179389912, , 
-0.05114609934700587, 14.730253396460979, , 
-0.049268206720881724, 14.863594218004668, , 
-0.0497863620882692, 15.150442880762, , 
-0.04955338753944277, 14.76880993372403, , 
-0.04980865286300257, 14.056271050260712, , 
-0.04982625084305525, 13.981272008045245, , 
-0.049523826296964835, 14.294263835579102, , 
-0.048894731098933664, 15.293238551953035, , 
-0.04891702187366703, 13.556486201092092, , 
-0.048054465807896796, 14.661600525961827, , 
-0.04823115188187049, 14.581685891694384, , 
-0.0480253908843315, 14.103869607324388, , 
-0.048042988864384184, 13.909874172449728, , 
-0.047740564318293766, 15.270034255384495, , 
-0.04713375989499602, 15.813120569659649, , 
-0.04713375989499602, 14.849249789120172, , 
-0.046865796326392484, 14.531053997780187, , 
-0.04684893332895823, 14.817847963279556, , 
-0.04666565362559488, 15.709725926260216, , 
-0.04652505027727655, 14.778716457232008, , 
-0.04670554238038094, 14.08836876143852, , 
-0.04668794440032825, 13.913475379069677, , 
-0.04670554238038094, 13.65998174786542, , 
-0.046242128905660485, 16.07491263350988, , 
-0.04580768625524445, 15.448710981708988, , 
-0.046219838130927116, 15.352736748282632, , 
-0.04604708462674334, 15.0915396663957, , 
-0.0460361081088822, 13.360592897116009, , 
-0.04577402263625935, 16.138112939833317, , 
-0.04577402263625935, 15.233740355623437, , 
-0.04548897091088083, 14.96163527107608, , 
-0.045617311735103416, 14.348262956187325, , 
-0.04579631341099272, 14.258564917781342, , 
-0.045004087227900724, 13.982702334528842, , 
-0.04511943500750326, 13.828944405016042, , 
-0.04492228040170987, 13.683781026397257, , 
-0.04461985585561945, 13.627884036687611, , 
-0.044436576152256047, 15.42413458387815, , 
-0.0444764649070421, 14.445357939416102, , 
-0.044458866926989415, 14.222865999983583, , 
-0.04417404036095168, 14.353762031908698, , 
-0.04417404036095168, 14.282364196313182, , 
-0.043807030635543365, 15.692020705413045, , 
-0.04401305143232165, 15.575127784341262, , 
-0.04379014368498779, 14.84759706144435, , 
-0.043728224866283916, 15.638923072627998, , 
-0.043567235937653936, 14.956346542513447, , 
-0.04246536241390125, 14.83137028062719, , 
-0.043567235937653936, 14.651253013556683, , 
-0.04312142044298617, 13.925375018335597, , 
-0.04283659387694838, 15.734120186755352, , 
-0.04283659387694838, 14.7226508491522, , 
-0.04239077838228067, 15.270034255384495, , 
-0.04079985996809393, 15.058182698879001, , 
-0.04138405123582506, 15.473319759510613, , 
-0.042050787777761334, 14.312564038389567, , 
-0.04178397395898287, 15.527529227277583, , 
-0.0410938172797376, 14.642099444890592, , 
-0.0413381584643151, 15.991615158648441, , 
-0.0413381584643151, 14.992045460311207, , 
-0.04120441381591483, 14.168722641323651, , 
-0.04105333189827737, 13.758780068612726, , 
-0.04073960988351116, 15.416906654842554, , 
-0.040870052194913964, 14.900550456177694, , 
-0.04067327845933644, 13.945583888468235, , 
-0.04042423670024625, 14.757754784986663, , 
-0.039759827801741365, 14.276126482181848, , 
-0.03969819432321586, 14.407310408605333, , 
-0.03955489648564409, 15.610826702139018, , 
-0.03955489648564409, 14.222865999983583, , 
-0.03908679021624295, 14.98384793103913, , 
-0.038890016480665424, 13.981282806265993, , 
-0.03882425442493859, 15.448528844373287, , 
-0.03868086347636124, 14.552454692809377, , 
-0.03868086347636124, 14.469157217947942, , 
-0.03868086347636124, 14.338261186022827, , 
-0.038217450001640785, 14.849249789120172, , 
-0.03793262343560305, 14.591754817227088, , 
-0.037343416992357936, 13.957472729513405, , 
-0.036857712742904114, 15.18614179855976, , 
-0.036857712742904114, 15.019546848836889, , 
-0.03689760149769017, 14.005071286577083, , 
-0.03670100184174818, 13.848478107018707, , 
-0.0364118972482364, 15.495532419473665, , 
-0.0364517860030224, 13.707580304929097, , 
-0.03551389746611988, 14.067235717870023, , 
-0.03552026625890087, 15.638328090664698, , 
-0.03554255703363424, 15.527529227277583, , 
-0.03533203305004112, 15.272348074130647, , 
-0.0346509260442987, 15.408532834618388, , 
-0.03462863526956533, 15.2099410770916, , 
-0.03462863526956533, 14.888650816911774, , 
-0.0346509260442987, 14.591754817227088, , 
-0.03398220280229708, 15.323582632081129, , 
-0.03354103121903207, 14.333557436071768, , 
-0.0339202839835932, 15.56752523703248, , 
-0.0339202839835932, 14.508457342365652, , 
-0.0337370042802298, 16.352306446619867, , 
-0.033495164642026454, 14.721469035663457, , 
-0.033776893035015854, 14.421558660884264, , 
-0.03317973491189513, 14.63280857269451, , 
-0.03280865907368641, 13.921116814088478, , 
-0.032672619786710544, 15.680571810058714, , 
-0.03249367440065637, 15.21046994994786, , 
-0.03286766406562769, 14.88032106942563, , 
-0.03288526204568032, 14.576253971341217, , 
-0.03239955779622655, 16.352306446619867, , 
-0.03219894082362601, 14.239922149598065, , 
-0.03107137501081375, 14.69139497848295, , 
-0.03153021758162439, 14.956346542513447, , 
-0.03131115307131349, 14.921354308273628, , 
-0.030455152091878657, 15.233529632844775, , 
-0.03108440208695662, 15.563228145075342, , 
-0.03106211131222325, 15.37653602681447, , 
-0.02996986335028723, 16.18035665922733, , 
-0.02974932696196758, 15.106793991199353, , 
-0.02994757257555386, 14.971948291773211, , 
-0.029348906054142865, 14.922989775936285, , 
-0.029764553583006004, 14.838046035191445, , 
-0.029764553583006004, 14.540555053543457, , 
-0.029540934806175034, 14.300664399123647, , 
-0.02924002024208111, 15.371085224312022, , 
-0.029462129036915585, 13.663582954485369, , 
-0.029278849333552237, 15.864421236717169, , 
-0.029278849333552237, 15.317037830484875, , 
-0.029078232360951695, 14.787305555830365, , 
-0.02912213843239625, 14.419660791782842, , 
-0.028660280334700694, 16.061360266568137, , 
-0.02855811428383931, 15.590993970029153, , 
-0.02840950911895007, 14.365661671174617, , 
-0.02812468255291234, 14.627453735024845, , 
-0.027963693624282304, 16.598496761210335, , 
-0.027467217277947764, 15.309609570821907, , 
-0.02798129160433499, 14.576253971341217, , 
-0.02798129160433499, 14.005071286577083, , 
-0.027963693624282304, 13.925375018335597, , 
-0.02727433077604602, 16.09650827514062, , 
-0.027495587354881168, 15.912019793780846, , 
-0.027517878129614537, 14.686951931354443, , 
-0.027233051563576804, 15.103439305661624, , 
-0.027233051563576804, 13.87777646127192, , 
-0.026570520203445525, 15.726534166723328, , 
-0.02663367739852346, 15.142708115239156, , 
-0.02689306095905747, 14.288764759857727, , 
-0.02707206263494677, 13.842077543474161, , 
-0.027089660614999456, 13.683781026397257, , 
-0.026626247140279002, 15.622726341404938, , 
-0.026403339392945147, 15.371181189144806, , 
-0.026407182629968107, 14.742859719284837, , 
-0.02642022634350072, 14.43156043104876, , 
-0.02634142057424127, 14.234765639249503, , 
-0.026001429969721934, 14.931345280217379, , 
-0.026001429969721934, 14.669553216367149, , 
-0.025712325376210154, 16.03101618644004, , 
-0.025734616150943523, 15.848819487457408, , 
-0.0250733231671863, 15.514307405871005, , 
-0.025752214130996154, 14.707150003266332, , 
-0.025752214130996154, 14.195465514831795, , 
-0.025082779859497417, 14.800449248292264, , 
-0.024814325594093634, 14.577900237224622, , 
-0.025003974090237968, 15.76981910455311, , 
-0.024718021727496597, 15.452585539577576, , 
-0.02417426191960631, 15.061014504800514, , 
-0.02398937961152353, 14.974888202650671, , 
-0.024860583141660675, 14.0764691221726, , 
-0.023794672639726178, 15.343372249555976, , 
-0.024558158595570256, 14.877346159609154, , 
-0.02439716966694022, 15.860719126723328, , 
-0.023999120118129713, 14.727155712588583, , 
-0.023743644680438603, 14.491960115201532, , 
-0.024414767646992908, 13.82657669758829, , 
-0.023929063397539085, 15.40033530534631, , 
-0.023772352496383153, 14.621954659303473, , 
-0.023772352496383153, 14.300664399123647, , 
-0.023951354172272454, 13.996772853931112, , 
-0.023483247902871318, 16.554600314140497, , 
-0.022599047171780295, 14.245343096374764, , 
-0.023220712111566955, 15.722220547489432, , 
-0.023142414766625263, 15.142688922272598, , 
-0.022832972198580104, 15.631639672732472, , 
-0.022820893453650626, 15.218398320712737, , 
-0.023077321162989606, 14.778547838861847, , 
-0.02170834496472529, 15.476604555766315, , 
-0.022478570841673595, 14.441734365053172, , 
-0.02232908112223142, 14.53225662089749, , 
-0.02216809219360144, 16.0273140764462, , 
-0.02218569017365407, 15.028440263446155, , 
-0.02216809219360144, 14.94279417557171, , 
-0.022180475957342183, 14.570269357441395, , 
-0.021722276698933674, 18.56193724008704, , 
-0.0214689724405997, 15.361535269436828, , 
-0.021499368951599762, 14.788098865114755, , 
-0.021437450132895886, 15.97211297207374, , 
-0.021276461204265906, 16.574697482678495, , 
-0.020398761949138755, 16.222005396658048, , 
-0.021254170429532537, 15.60262917286694, , 
-0.02067015213151774, 15.566454269498548, , 
-0.021254170429532537, 15.245639994889357, , 
-0.021276461204265906, 15.206238967097757, , 
-0.0208692258966367, 15.11591104296917, , 
-0.02109745952837655, 14.836148166090023, , 
-0.018640000606489293, 15.658721610372153, , 
-0.020843029473338937, 14.903459256887139, , 
-0.020848243689650825, 14.742848921064088, , 
-0.02083064570959814, 14.698851570620363, , 
-0.02083064570959814, 14.591754817227088, , 
-0.020545819143560407, 15.043941109332026, , 
-0.020545819143560407, 14.556055899429328, , 
-0.02038483021493037, 15.729823094798213, , 
-0.02038483021493037, 15.670324898468618, , 
-0.020402428194983058, 14.159766597034036, , 
-0.019572809135356972, 16.130633166580452, , 
-0.019916723945529236, 15.793023401121651, , 
-0.01876060915710992, 16.06092572917921, , 
-0.019493199225594837, 15.08261493694626, , 
-0.019510797205647523, 14.885644592255122, , 
-0.01927029147826098, 14.692108441703006, , 
-0.019348721981952532, 14.243690368698942, , 
-0.019208372659557105, 15.17483714125714, , 
-0.019208372659557105, 14.496557703099732, , 
-0.018841362934148786, 15.882414933667757, , 
-0.01886838205503777, 14.978943837281056, , 
-0.0179521636656933, 15.95144726521526, , 
-0.018406523957342213, 15.811467841983827, , 
-0.018105091889924763, 15.357208127885585, , 
-0.018601568236259358, 15.020141830800188, , 
-0.018601568236259358, 14.829747602545476, , 
-0.017709937246923824, 16.378353434790824, , 
-0.01815575274159159, 15.765522012595973, , 
-0.01817335072164422, 14.005071286577083, , 
-0.017976751065702234, 13.967474499677902, , 
-0.017870926175553803, 16.210105757392128, , 
-0.017500961233798296, 16.305302871519483, , 
-0.017527152894110054, 15.183047892350618, , 
-0.01772753522697651, 14.195465514831795, , 
-0.01653831237983966, 15.851012374910205, , 
-0.01654999137653823, 15.503068857675412, , 
-0.016801706744488942, 15.40428497284734, , 
-0.017281719732308742, 15.111737738307593, , 
-0.016592214113863912, 16.146272692472806, , 
-0.016835904237640975, 14.814246756659607, , 
-0.016835904237640975, 14.552454692809377, , 
-0.016835904237640975, 13.88607489391789, , 
-0.01681830625758829, 13.818278264942322, , 
-0.015926675268252755, 16.527098925614816, , 
-0.01594427324830544, 14.897544231521042, , 
-0.01594427324830544, 14.695250364000412, , 
-0.015641848702215022, 15.460428483639205, , 
-0.015480859773584987, 15.896418044521086, , 
-0.015458568998851618, 15.816822679653491, , 
-0.015480859773584987, 15.301436081225113, , 
-0.015458568998851618, 15.233740355623437, , 
-0.015498457753637673, 14.814246756659607, , 
-0.01510502694377791, 14.643850330990094, , 
-0.015480859773584987, 14.31806311411094, , 
-0.014840000000000075, 16.204155937759168, , 
-0.01431755996718631, 15.6460814493739, , 
-0.01503504427891722, 15.5989270628731, , 
-0.014750217712879488, 16.567094935369713, , 
-0.014750217712879488, 15.37713100877777, , 
-0.014108074256467817, 15.039515023995312, , 
-0.01391666230522487, 15.548342197871037, , 
-0.01323380586900963, 15.18337801137542, , 
-0.014161011269634372, 14.73094928179817, , 
-0.013697597794913974, 15.896418044521086, , 
-0.013697597794913974, 15.503729948745743, , 
-0.013056738021329062, 16.120858462897733, , 
-0.013229491525512838, 15.721625565526136, , 
-0.012907513668252768, 14.614430240939367, , 
-0.01278367603084507, 16.495102117810898, , 
-0.01280596680557844, 15.944016601584764, , 
-0.01265323371944227, 15.857193307681573, , 
-0.01278367603084507, 15.60262917286694, , 
-0.01278367603084507, 15.305138191218955, , 
-0.012331491743396317, 14.797533579104165, , 
-0.012599946008800156, 14.312564038389567, , 
-0.01207532474487294, 15.519926679968805, , 
-0.011914335816242905, 15.658425259202698, , 
-0.01193193379629559, 14.92134351005288, , 
-0.011446229546841824, 16.05481546497188, , 
-0.010889397252521471, 15.427937801918041, , 
-0.011010321063166628, 16.581308393381782, , 
-0.010827660547990281, 15.57347505666544, , 
-0.010883387484823703, 14.845365879081992, , 
-0.010397887656350302, 15.086040590674331, , 
-0.010397887656350302, 14.776649969760426, , 
-0.00990816609023798, 15.31168299281521, , 
-0.010131073837571891, 15.1510378627253, , 
-0.00949021406398698, 15.37118118914481, , 
-0.008999648150346873, 15.58492395201977, , 
-0.009023091211118162, 14.623195530777728, , 
-0.008347811858900822, 17.08638197111303, , 
-0.008325521084167453, 16.364206085885787, , 
-0.008205150900607139, 16.156200391517515, , 
-0.007655956680855114, 15.938154095866754, , 
-0.008205150900607139, 15.656415542348897, , 
-0.008347811858900822, 15.337134999022872, , 
-0.008347811858900822, 14.758349766949959, , 
-0.007646731040673316, 16.04207133517741, , 
-0.007901996364233055, 15.432332113150228, , 
-0.007555585675808829, 15.077469146993433, , 
-0.00791959434428574, 14.909443870786962, , 
-0.007233273122231432, 15.53777613886768, , 
-0.007171354303527555, 14.222865999983583, , 
-0.006988074600164207, 16.399905003683543, , 
-0.007010365374897576, 16.134410829839474, , 
-0.006988074600164207, 15.62642845139878, , 
-0.007027963354950206, 15.004640984914317, , 
-0.006725538808859788, 14.675052292088523, , 
-0.006369505601312664, 17.22752491462824, , 
-0.0065821478602824945, 15.195035213169028, , 
-0.006136332365614727, 13.993171647311165, , 
-0.005672918890894274, 16.44380145075338, , 
-0.005672918890894274, 16.0273140764462, , 
-0.005171376459393029, 15.312872956741803, , 
-0.005672918890894274, 15.091539666395704, , 
-0.00569051687094696, 14.980841706382478, , 
-0.005227103396226507, 16.71448819445894, , 
-0.004988273666940213, 15.55158822015848, , 
-0.005227103396226507, 13.413690529901059, , 
-0.004453681060780146, 15.92424396866311, , 
-0.004423706723543974, 14.675300201239894, , 
-0.004758997126825371, 16.852091295788483, , 
-0.004758997126825371, 16.507001757076818, , 
-0.0047812879015587395, 15.991615158648441, , 
-0.0047812879015587395, 14.341862392642778, , 
-0.004313181632157603, 16.102414022035557, , 
-0.004129451610112689, 14.8837467231537, , 
-0.003860997344708905, 14.785633939838245, , 
-0.004353070386943658, 14.742848921064088, , 
-0.0038896569122232605, 17.145880167442627, , 
-0.0038896569122232605, 16.26530686176459, , 
-0.0031686185866636185, 15.131306318024155, , 
-0.0034438414175554932, 16.769388802890344, , 
-0.0034215506428221243, 15.864421236717169, , 
-0.0034614393976081237, 14.492956496479781, , 
-0.0031590148515177052, 15.746019826021271, , 
-0.0031590148515177052, 15.650822711893916, , 
-0.0031590148515177052, 15.246234976852657, , 
-0.002998025922887726, 16.586597121944415, , 
-0.002975735148154357, 16.376105725151703, , 
-0.002998025922887726, 16.070284996017577, , 
-0.0028029816439705812, 15.59727433519728, , 
-0.002998025922887726, 15.343033965496577, , 
-0.003015623902940412, 13.969372368779325, , 
-0.0023893163051682542, 16.43276631519481, , 
-0.002329302680886103, 16.19225629849325, , 
-0.0025522104282199587, 15.932116962318844, , 
-0.0025522104282199587, 15.551328505809423, , 
-0.0021367914445523106, 14.526982917131908, , 
-0.002267383862182226, 14.782149045481798, , 
-0.0020841041588188225, 16.93538877064992, , 
-0.0019536618474160217, 16.654469138498175, , 
-0.0017875850158537432, 16.345913849711895, , 
-0.0021063949335521914, 15.39663319535247, , 
-0.0021063949335521914, 15.020141830800188, , 
-0.001821568367514459, 15.650822711893916, , 
-0.001821568367514459, 15.281933894650415, , 
-0.0014655351599672795, 17.179926357564565, , 
-0.0016605794388844242, 15.991615158648441, , 
-0.0016605794388844242, 15.813120569659649, , 
-0.0014376716915505683, 15.513976860335841, , 
-0.0013757528728466917, 16.257704314455808, , 
-0.001214763944216657, 16.598496761210335, , 
-0.0009880129598598408, 16.131424521901092, , 
-0.0009091646131944575, 14.58839604807945, , 
-0.0005584244659558313, 15.874381675510122, , 
-0.000153380131911518, 15.174974444787129, , 
-0.0007865464296015756, 14.909443870786962, , 
-0.00030084218014780895, 16.233310053960672, , 
-0.00018071967186228388, 15.96996442609517, , 
-0.00012808867596403317, 15.692471449324632, , 
-0.0003231329548811779, 15.575127784341262, , 
0.00014497331451995832, 17.018686245511354, , 
0.00012268253978658938, 16.170109747637234, , 
0.00012268253978658938, 16.01541443718028, , 
0.00013281471011994395, 15.528130219159703, , 
0.00010508455973395892, 15.111737738307593, , 
0.0005684980344543566, 16.610396400476255, , 
0.000791405781788268, 16.132758102163653, , 
0.0005684980344543566, 15.270034255384495, , 
0.0005509000544016707, 15.064139181243913, , 
0.001156726812141018, 16.39835143966827, , 
0.0010366043038554928, 16.25710933249251, , 
0.00116419977301907, 15.869837624245104, , 
0.0010366043038554928, 15.578829894335101, , 
0.001014313529122124, 15.317632812448174, , 
0.0014601290237898912, 16.800790628730965, , 
0.0016147263324247096, 16.32075320959862, , 
0.0018630776439703678, 15.710244628484627, , 
0.0018638397217390357, 15.528058100133848, , 
0.0014425310437372052, 15.37352980215782, , 
0.0017449555898276237, 16.483797460508278, , 
0.0017449555898276237, 15.61512379409616, , 
0.0019059445184576584, 15.753622373330053, , 
0.0019059445184576584, 15.41282992657553, , 
0.0019059445184576584, 14.972543273736509, , 
0.0019059445184576584, 14.663152652822603, , 
0.002819866282526562, 16.637897789001933, , 
0.0032433910024609047, 16.0273140764462, , 
0.002797575507793193, 15.944016601584764, , 
0.002797575507793193, 15.670324898468618, , 
0.00339612408859713, 17.01145831647576, , 
0.004107158523379728, 16.257704314455808, , 
0.003905290537911499, 16.183817268605683, , 
0.0032656817771942737, 15.876320875983088, , 
0.0032433910024609047, 15.575127784341262, , 
0.0032433910024609047, 15.432332113150228, , 
0.0032433910024609047, 15.17483714125714, , 
0.0032257930224082743, 14.671451085468572, , 
0.003912114244462583, 16.38265052674796, , 
0.003689206497128672, 15.789321291127811, , 
0.004252119099573126, 15.362708344730784, , 
0.00397403306316646, 15.698421268957592, , 
0.0045808374864642065, 16.84243936616168, , 
0.004135021991796439, 16.098711912041715, , 
0.004514790746513453, 15.924183869474899, , 
0.004279499235438744, 14.93386944612227, , 
0.005327815575934147, 16.698054263248366, , 
0.004803745233798118, 15.56370035298272, , 
0.00478685828324249, 15.10983986920617, , 
0.004803745233798118, 15.013398701882833, , 
0.0045808374864642065, 14.877346159609154, , 
0.0045632395064115205, 14.754748560330007, , 
0.0052216972600491185, 17.02523104710761, , 
0.005523129327466514, 16.612079177746182, , 
0.005048943755865343, 15.864421236717169, , 
0.006391002124296219, 17.241783965127922, , 
0.005667512754716886, 16.001862070238538, , 
0.00549475925053311, 15.709725926260216, , 
0.005806830096800553, 15.243260067036175, , 
0.006237785074979407, 16.554600314140497, , 
0.005940574745200877, 16.209510775428832, , 
0.006333702954135156, 16.149075031763132, , 
0.006364099465135276, 16.741292432401366, , 
0.0063863902398686445, 16.316607528822107, , 
0.00659558058736659, 15.106871893911407, , 
0.006648926031173008, 15.936414054275982, , 
0.006648926031173008, 15.293833533916334, , 
0.006809914959802987, 17.455270788356533, , 
0.008030041576788438, 16.391888404599136, , 
0.006809914959802987, 16.348604336626025, , 
0.006832205734536356, 16.26900897175843, , 
0.0076502417850696225, 15.794704461271916, , 
0.007246442631665184, 15.5775655576631, , 
0.007494560183757104, 15.730082809147271, , 
0.007540557020508543, 16.031611168403337, , 
0.007701545949138522, 16.812690267996885, , 
0.007701545949138522, 16.06301299424396, , 
0.008088356451864953, 15.4240295870611, , 
0.007683947969085836, 15.254533409498627, , 
0.007701545949138522, 14.567955538695248, , 
0.008593176938474056, 16.324805058094185, , 
0.008593176938474056, 15.844191849965107, , 
0.008816084685807912, 15.632973252995034, , 
0.009038992433141824, 15.502077221069925, , 
0.008878003504511789, 16.531396017571954, , 
0.009234036712058968, 17.322722028755596, , 
0.009038992433141824, 17.122080888910787, , 
0.00926190018047568, 16.893460041707062, , 
0.009201886556193528, 16.48036487225849, , 
0.009234036712058968, 15.989962430972618, , 
0.009454411416809472, 15.89161010946415, , 
0.009038992433141824, 15.58702742360718, , 
0.009437041981952277, 15.150102891068691, , 
0.01021451536483653, 16.144657741429572, , 
0.009484807927809591, 17.431471509824696, , 
0.00950709870254296, 16.828292017256643, , 
0.009723637657095885, 16.705853228952666, , 
0.009484807927809591, 16.360503975891945, , 
0.009467209947756905, 14.838046035191445, , 
0.010125667701394503, 17.00143176857577, , 
0.009930623422477358, 14.627453735024845, , 
0.010398729691878439, 15.804923040387571, , 
0.01035884093709244, 15.468726916285176, , 
0.01037643891714507, 15.436629205107367, , 
0.010774488465955578, 15.27453911882088, , 
0.010661265483182858, 16.543295656837874, , 
0.010985148534864542, 16.93255116436343, , 
0.011517726583494536, 16.60600675576927, , 
0.010822254411812837, 15.955916240850684, , 
0.011490977653814516, 15.713295818039992, , 
0.011268069906480604, 17.181579085240386, , 
0.011268069906480604, 17.03878341404935, , 
0.0119174098661054, 16.26792248295589, , 
0.011290360681213973, 15.876320875983088, , 
0.01242993837032369, 15.746305091346137, , 
0.011268069906480604, 15.634625980670858, , 
0.01140992029114768, 15.578072644563639, , 
0.011447071582369961, 15.395431211588237, , 
0.011713885401148372, 17.609966098813487, , 
0.01173617617588174, 16.852091295788483, , 
0.012159700895816139, 16.158210108371314, , 
0.012159700895816139, 16.06301299424396, , 
0.012142102915763453, 15.302131966562303, , 
0.012444527461853871, 16.769388802890344, , 
0.012605516390483906, 15.908317683787004, , 
0.014481041509607662, 15.838439044227277, , 
0.013246376164068818, 17.64401228893542, , 
0.013051331885151674, 17.241077281569982, , 
0.013051331885151674, 16.110611551307635, , 
0.013547808231486214, 16.010606502123345, , 
0.013257352681929957, 15.55012652204519, , 
0.013033733905098988, 14.790447478127767, , 
0.013336158451189406, 16.68609132802891, , 
0.013336158451189406, 15.662722351159834, , 
0.01349714737981944, 17.371973313495097, , 
0.01349714737981944, 16.312905418828265, , 
0.014169713858844024, 17.08339566317465, , 
0.014095695960623378, 15.773895832820138, , 
0.014478660525337972, 15.404480986122824, , 
0.01422778944052494, 16.531396017571954, , 
0.01422778944052494, 15.59132451556432, , 
0.01438877836915492, 17.788460687802278, , 
0.01438877836915492, 16.753192071667286, , 
0.015046574760797071, 16.59970228022093, , 
0.015108505926224536, 16.402869829059966, , 
0.01438877836915492, 15.967815880116603, , 
0.01437118038910229, 15.278332688030465, , 
0.01610751442096614, 16.965732850778014, , 
0.015057501611156598, 17.179926357564565, , 
0.01592005767692678, 15.913778870889722, , 
0.014834593863822687, 15.658425259202698, , 
0.014816995883770057, 15.195035213169028, , 
0.015280409358490454, 15.091539666395704, , 
0.01574851562789159, 16.756894181661128, , 
0.015921269132075366, 16.68014150839595, , 
0.016407331858900642, 16.29968359742169, , 
0.01592991641537711, 15.314247570243214, , 
0.01572622485315822, 15.258134616118575, , 
0.016011051419195954, 16.912184474081375, , 
0.01617204034782599, 17.490969706154292, , 
0.016194331122559358, 16.114313661301477, , 
0.016394948095159845, 16.063485202151334, , 
0.01617204034782599, 15.634625980670858, , 
0.016307377194421546, 14.953418853487708, , 
0.01617204034782599, 14.782149045481798, , 
0.01691506617227223, 16.23659662099602, , 
0.01645686691386372, 15.17483714125714, , 
0.01686499269279873, 17.459179848598477, , 
0.016640146617227125, 17.006786606245434, , 
0.016617855842493756, 16.598496761210335, , 
0.017687523539115402, 16.50431274768426, , 
0.017282983798248053, 16.782919844313685, , 
0.017348497903199256, 17.185876177197525, , 
0.017348497903199256, 15.61512379409616, , 
0.01750948683182929, 16.0273140764462, , 
0.017946014503691432, 15.875056539311085, , 
0.01797759310123037, 17.3518761449571, , 
0.017955302326497002, 16.84838918579464, , 
0.018150346605414147, 16.60874367280043, , 
0.017955302326497002, 16.193909026169074, , 
0.01817549168666832, 15.212930498663283, , 
0.01816132312327534, 14.776649969760426, , 
0.017937704346444372, 14.635752167670814, , 
0.01840111782116477, 16.07491263350988, , 
0.018846933315832537, 16.943586299921996, , 
0.018846933315832537, 16.4557010900193, , 
0.01913175988187027, 15.067740387863864, , 
0.019292748810500304, 16.83648954652872, , 
0.019315039585233673, 16.328507168088027, , 
0.019577575376538037, 17.20967545572936, , 
0.019577575376538037, 16.555195296103793, , 
0.020879851971517482, 16.240449837520224, , 
0.02018437979983584, 15.955916240850684, , 
0.020652486069236975, 16.28090861102435, , 
0.020809196970392907, 15.681022553970301, , 
0.020630195294503606, 15.293833533916334, , 
0.021271055068088518, 17.584514092605826, , 
0.021098301563904742, 16.697395985331532, , 
0.021360837355209106, 16.507596739040114, , 
0.021521826283839085, 16.43190181148746, , 
0.022151390056714515, 17.10587522402462, , 
0.021967641778506852, 16.943586299921996, , 
0.02198993255324022, 16.828292017256643, , 
0.021967641778506852, 15.793618383084947, , 
0.02241345727317462, 16.991184856985676, , 
0.022836981993109018, 16.12991541056124, , 
0.02243574804790799, 15.864421236717169, , 
0.022395859293121934, 15.456827277019258, , 
0.02308602375219926, 16.417015864283158, , 
0.02312133998430249, 16.01110841156003, , 
0.02306529356462067, 15.32403337599272, , 
0.023305088262510154, 17.229177642304066, , 
0.0235001325414273, 16.59684403353451, , 
0.0235001325414273, 16.489747280141238, , 
0.023969968267488817, 15.79002797468575, , 
0.024219010026579058, 17.054385163309114, , 
0.02419671925184569, 16.765091710933206, , 
0.024801415800464188, 15.573664944526065, , 
0.02419671925184569, 15.543725958500643, , 
0.024179121271793003, 15.242633770232707, , 
0.024642534746513456, 16.955485939187916, , 
0.024642534746513456, 16.712865516377224, , 
0.024642534746513456, 16.66989459680585, , 
0.024758359360324167, 15.72764538303713, , 
0.02462493676646077, 14.826146395925525, , 
0.02513680844712335, 15.98698752115614, , 
0.02492736131255119, 15.936414054275982, , 
0.025088350241181168, 17.348174034963257, , 
0.02531125798851508, 17.19182599683048, , 
0.02531510122553804, 16.298019471623967, , 
0.025070752261128537, 15.504425834082934, , 
0.02550596656299342, 15.415159675226992, , 
0.025556456510582304, 16.804492738724804, , 
0.026267903737489662, 16.554079704922614, , 
0.025534165735848935, 16.384303254423784, , 
0.02578746999418291, 16.09931290392383, , 
0.025818992301886723, 16.245804675189888, , 
0.025818992301886723, 15.888815497212303, , 
0.02634618681542239, 16.969557734827774, , 
0.025979981230516702, 16.141682831613092, , 
0.027384927947867566, 16.897226124722458, , 
0.026841215708852117, 17.397455369296864, , 
0.02644808749991784, 16.756894181661128, , 
0.02685623927176023, 16.63254295133227, , 
0.02697720010016824, 16.410677308703217, , 
0.026710623291222202, 16.341001789317243, , 
0.026710623291222202, 15.948313693541902, , 
0.026710623291222202, 14.913045077406913, , 
0.02709811525343342, 17.16370830082311, , 
0.026871612219852237, 15.62702343336208, , 
0.027317427714520004, 17.324374756431418, , 
0.02776324320918777, 17.06258269258119, , 
0.03062015883519309, 16.230601241605164, , 
0.028357663868744776, 15.773785650975082, , 
0.027745645229135085, 14.838046035191445, , 
0.02936932210664467, 16.714543670632676, , 
0.028048069775225504, 16.4361989034446, , 
0.028231349478588907, 17.030585884777274, , 
0.02820905870385554, 16.527021150194777, , 
0.028404102982772683, 15.918564595377102, , 
0.02867716497325662, 17.74456424073244, , 
0.02867716497325662, 16.816392377990724, , 
0.029806564226415033, 16.362547348291145, , 
0.02863727621847062, 15.504425834082934, , 
0.029100689693191018, 17.08638197111303, , 
0.029111475551932997, 16.62592137786978, , 
0.02935789094011476, 16.40942471509628, , 
0.029831331753896517, 16.103009003998853, , 
0.030171322358415853, 15.990413174884207, , 
0.030198341479304835, 15.609624718374787, , 
0.03043813617719432, 18.312044815502734, , 
0.030460426951927688, 17.37567542348894, , 
0.030739298771996493, 16.534750703109687, , 
0.030420538197141633, 15.682920423071725, , 
0.030722962743232052, 16.329102150051323, , 
0.030722962743232052, 15.341432090980012, , 
0.030906242446595455, 17.661266765871005, , 
0.031062953347751388, 15.907115700022771, , 
0.031549490517473244, 17.30053770126699, , 
0.031329767166529854, 16.967385578453836, , 
0.031329767166529854, 16.63419567900809, , 
0.03135205794126322, 15.947718711578606, , 
0.03179787343593099, 18.137252336507782, , 
0.03199849040853148, 16.68014150839595, , 
0.03236381143888423, 17.219426549016713, , 
0.03222139815586533, 17.419571870558777, , 
0.032356735002460946, 15.9886874696227, , 
0.03272913246923698, 15.936414054275982, , 
0.03292727268908935, 17.535042444176216, , 
0.03312316131553422, 16.42348792513782, , 
0.033163689996867696, 16.089576835433537, , 
0.03268950442526647, 16.04291582570596, , 
0.032844714264150865, 15.858074762442012, , 
0.03264961567048047, 15.242633770232707, , 
0.03333852884308519, 17.340087200009933, , 
0.033558844639868635, 18.24064697990722, , 
0.03375388891878578, 17.156127079032725, , 
0.033558844639868635, 16.89598774285832, , 
0.03388802235976868, 16.820654109262705, , 
0.03384103636255725, 16.713245292098478, , 
0.033558844639868635, 16.562797843412575, , 
0.03384367120590637, 17.00738158820873, , 
0.0340046601345364, 17.431471509824696, , 
0.0340046601345364, 17.06258269258119, , 
0.03445843662018033, 16.267797758476007, , 
0.0340046601345364, 16.06301299424396, , 
0.03445047562920417, 17.276776199367742, , 
0.03445047562920417, 16.610396400476255, , 
0.03445047562920417, 14.94874399520467, , 
0.03518111768990967, 17.519066076643266, , 
0.034896291123871936, 18.24064697990722, , 
0.0356021656570959, 18.11812476820627, , 
0.035342106618539704, 17.586166820281647, , 
0.036157249655358714, 17.345762996942057, , 
0.0363080401903198, 16.903656399274134, , 
0.036131836923379734, 16.78647328497927, , 
0.03553715089745685, 16.43024908381164, , 
0.03532450863848702, 15.96851176545379, , 
0.035342106618539704, 15.38903064804369, , 
0.035787922113207415, 17.217278003038146, , 
0.035787922113207415, 17.133980528176707, , 
0.03619515742083668, 15.847166759781587, , 
0.03625602838260855, 17.98255702605083, , 
0.036456645355209094, 17.85820579572197, , 
0.03642878188679233, 16.251754494822848, , 
0.03667955310254295, 18.33584409403457, , 
0.03733003843794458, 16.626322685352356, , 
0.03752660254241169, 17.2037256360964, , 
0.037571184091878485, 17.71706285220676, , 
0.037571184091878485, 15.686521629691672, , 
0.037571184091878485, 15.067740387863864, , 
0.038212043865463396, 16.299353051886524, , 
0.03846281508121402, 17.96695527679107, , 
0.03846281508121402, 17.03878341404935, , 
0.03848510585594739, 16.733094903129288, , 
0.03893309606034523, 16.5465608017584, , 
0.038657859360131164, 16.358851248216123, , 
0.03848510585594739, 16.138112939833317, , 
0.0386688358779923, 15.823818225161336, , 
0.039273856346513425, 17.648909448171782, , 
0.038908630575881786, 17.919356719727393, , 
0.038908630575881786, 16.42000217222154, , 
0.03950717915668572, 17.070956512805356, , 
0.03937673684528287, 16.804492738724804, , 
0.0393544460705495, 16.586597121944415, , 
0.039800261565217265, 16.8840881035924, , 
0.04024607705988503, 17.157779806708547, , 
0.04044112133880218, 16.715840426193704, , 
0.04050176535829747, 18.57795897661501, , 
0.0406918925545528, 17.836059244865957, , 
0.0406918925545528, 16.348604336626025, , 
0.040910957064863696, 16.11131823486557, , 
0.041342639365317735, 18.250605996998946, , 
0.04154034771895421, 16.595316377142264, , 
0.04183066039419331, 17.86376758363974, , 
0.04202933903855627, 17.252976920835902, , 
0.04200967070790901, 17.966527511980857, , 
0.0420293390385561, 16.84838918579464, , 
0.04249744530795724, 16.423704282215382, , 
0.04247515453322387, 15.900715136478222, , 
0.042920970027891525, 17.499864386009627, , 
0.04333121513734667, 16.654759831025554, , 
0.042920970027891636, 15.54670086831712, , 
0.04320579659392937, 16.317202510785403, , 
0.04334918754250666, 15.718619340869482, , 
0.043931245463388724, 16.858923991883106, , 
0.04379500303717443, 15.254533409498627, , 
0.04428070728662825, 17.066284802575034, , 
0.04453947410635939, 15.875881106705869, , 
0.044543243077932615, 15.817417661616787, , 
0.044684563675915556, 18.133122461703728, , 
0.0449743659715523, 17.515687789224554, , 
0.04470423200656265, 17.407672231292857, , 
0.04540081871698082, 17.161983932733918, , 
0.04470423200656265, 15.995912250605578, , 
0.04470423200656265, 15.757919465287191, , 
0.04470423200656265, 15.56752523703248, , 
0.045877909533341366, 17.042291244218443, , 
0.04515004750123042, 16.63419567900809, , 
0.04515004750123042, 16.46760072928522, , 
0.04531294162428223, 16.43276631519481, , 
0.045132449521177675, 15.278332688030465, , 
0.0454057357996428, 18.209070159371507, , 
0.04561815377063155, 18.494241514485367, , 
0.045595862995898184, 17.443371149090613, , 
0.0466360991501229, 17.578847597717292, , 
0.046788656580036, 16.507660034993656, , 
0.046264586237899696, 16.323152330418363, , 
0.046326505056603684, 16.78128844215626, , 
0.046467825654586625, 18.121222822437808, , 
0.04648749398523372, 17.21265036554584, , 
0.04648749398523372, 16.729392793135446, , 
0.04648749398523372, 16.562797843412575, , 
0.04691364114925434, 18.275918132894763, , 
0.04691364114925434, 18.216419936565163, , 
0.047138240795998654, 17.774620426362166, , 
0.047067054128301755, 17.415142560387572, , 
0.04722376502945769, 16.652826427353723, , 
0.047172139209187836, 16.4202618865706, , 
0.046915711499848745, 16.20650455077218, , 
0.04718899777831381, 18.435163305423977, , 
0.0476179547038556, 17.241336995919042, , 
0.047574169253486565, 17.168026718298645, , 
0.04819026149958966, 16.38050198076939, , 
0.04780527213858987, 17.64523725180103, , 
0.048317909525840474, 16.863556140542762, , 
0.04838580512381918, 16.78503107063506, , 
0.047807342489184224, 15.98041140471971, , 
0.047807342489184224, 15.635321866008049, , 
0.04808062876764935, 18.066274488180476, , 
0.0482930467386381, 17.066284802575034, , 
0.04880140948181133, 16.544760910926588, , 
0.04873886223330587, 17.458972898350375, , 
0.04935318087256818, 16.29325196565273, , 
0.049184677727973636, 19.29151734530197, , 
0.049402441450368983, 18.379501531255904, , 
0.049300589756587465, 18.122258791032724, , 
0.04914271862259317, 17.811832201523902, , 
0.049597587793273, 17.648828809590675, , 
0.04916238695324027, 17.312475117165498, , 
0.049599629073010576, 17.210667092334855, , 
0.049184677727973636, 17.11388335963871, , 
0.04941807525165259, 18.232869437903346, , 
0.049447213519278, 17.28107329132488, , 
0.0496304932226414, 17.95875774751899, , 
0.049736803071369795, 17.416088429149735, , 
0.049608202447908034, 16.979285217719756, , 
0.04959060446785529, 15.790017176465, , 
0.05007630871730917, 18.434743318155768, , 
0.05003434961192871, 18.085523904640052, , 
0.05007630871730917, 17.863560633391636, , 
0.050230186968694635, 17.51282836251194, , 
0.05048016510659642, 17.4726924824452, , 
0.05030970624098813, 18.054374848914556, , 
0.05088312602717149, 16.94244148367826, , 
0.05052212421197688, 16.840191656522563, , 
0.05096793970664465, 18.375245121826172, , 
0.05127084996055575, 17.2933397002942, , 
0.05149871249369281, 17.15741807763233, , 
0.05096793970664465, 17.018686245511354, , 
0.05109711188843308, 16.755429610674554, , 
0.05116855667924508, 15.805518022350867, , 
0.051567633452697936, 18.15540888287159, , 
0.05174888546971773, 17.94591434375957, , 
0.05165338102969619, 17.64847465366014, , 
0.05161437217391285, 16.81103754032106, , 
0.05139146442657905, 16.503299647082976, , 
0.051626755937653535, 16.314668328349143, , 
0.05181761159059972, 18.204520297299247, , 
0.051859570695980184, 17.839761354859796, , 
0.05212210648728455, 16.19820611812621, , 
0.052459264442033415, 17.4890290839801, , 
0.05226342708526749, 17.371545548684885, , 
0.05246209709180394, 15.847617503693174, , 
0.052709242579935256, 17.978427151246777, , 
0.052709242579935256, 17.193050959696095, , 
0.05324227420747235, 16.8845989466922, , 
0.052907912586471706, 15.752420389565819, , 
0.053197017179983486, 17.887359911923475, , 
0.05317472640525012, 16.800790628730965, , 
0.05365136956710226, 16.394360278153254, , 
0.05364283267465125, 18.077754140178186, , 
0.05364283267465125, 17.458972898350375, , 
0.05360087356927079, 17.40724446648264, , 
0.05387623019833021, 17.590288917543695, , 
0.053905368465955616, 16.709890606560744, , 
0.05404668906393856, 18.609108032340508, , 
0.05404668906393856, 18.192620658033327, , 
0.05404668906393856, 17.942728233449017, , 
0.054512172889253474, 17.213426428976227, , 
0.054066357394585596, 16.574697482678495, , 
0.05449250455860627, 18.121222822437808, , 
0.05493832005327404, 17.907029315651258, , 
0.05453446366398673, 16.852091295788483, , 
0.05451217288925336, 16.64609531827401, , 
0.05449457490920068, 15.694820062337644, , 
0.05518089613125504, 17.626609066509015, , 
0.0551530326628385, 16.537345837204914, , 
0.05521367668233351, 17.292797935895713, , 
0.055384135547941804, 17.05025528850506, , 
0.05643111784456256, 18.054291155799515, , 
0.05582995104260957, 17.66903653033287, , 
0.056471603894043376, 17.167738823800274, , 
0.0563177256426578, 16.95918804918176, , 
0.05629543486792443, 16.68179423607177, , 
0.05629543486792443, 16.233905035923968, , 
0.0567412503625922, 16.62229603974217, , 
0.05688572760623456, 16.111933733448293, , 
0.056996938661004526, 17.257099018097954, , 
0.05736323488337891, 18.57189625717877, , 
0.05761321302128064, 17.383445187950805, , 
0.05761321302128064, 18.228319575831083, , 
0.057761481975389495, 18.11816714583898, , 
0.05777108415527488, 17.99136275910761, , 
0.058241590969647095, 17.766715876904385, , 
0.05805902851594835, 18.859000456924814, , 
0.05805902851594835, 17.63333761253511, , 
0.05805902851594835, 17.43104374501448, , 
0.05852451234126321, 18.081324031957962, , 
0.05850484401061612, 17.561939776939596, , 
0.05872944365736049, 17.167738823800274, , 
0.05854680311599658, 16.97108768844768, , 
0.058780200639675595, 16.840611643790773, , 
0.05922601613434336, 18.613657894412768, , 
0.05922601613434336, 17.625987835341455, , 
0.059438434105332116, 18.458542596687607, , 
0.059396474999951654, 17.728534726662467, , 
0.059884249599999884, 18.922628528058468, , 
0.06030476205307855, 17.897040429272234, , 
0.06035554026579143, 17.685236039249503, , 
0.0606007387878586, 17.502661573940966, , 
0.05984229049461942, 17.085954206302816, , 
0.06061029197703022, 18.562288023103953, , 
0.06033006509466765, 17.36377578422302, , 
0.06028810598928719, 17.193050959696095, , 
0.06056346261834661, 16.745414529663417, , 
0.06097236964068903, 18.431041208161925, , 
0.06120447139443652, 17.943802064532505, , 
0.060733921483954956, 17.788032922992066, , 
0.060733921483954956, 17.323946991621206, , 
0.06137557433538876, 18.381502028924057, , 
0.06137557433538876, 17.405731609118664, , 
0.061625552473290435, 16.62186827493196, , 
0.0620713679679582, 18.287817772160682, , 
0.062295967614702574, 17.001143874077403, , 
0.06234672459701768, 17.054805150577323, , 
0.06234672459701768, 16.328927155356237, , 
0.06279254009168544, 18.37566510909438, , 
0.06289211101558645, 17.90022639687975, , 
0.06295480381952412, 19.512627517411836, , 
0.06296299895729374, 17.954627872714937, , 
0.06296299895729374, 17.811832201523902, , 
0.06315883631405977, 17.47712944471418, , 
0.06340061931419178, 17.152966237352715, , 
0.06342848278260849, 17.777883230677016, , 
0.06360465180872754, 17.56042691957562, , 
0.06363341409870588, 17.381932330586825, , 
0.06389658905200973, 18.553739710814963, , 
0.06412998657568869, 18.768353204869722, , 
0.06452504508804141, 18.631394453508367, , 
0.0643424045466775, 17.887359911923475, , 
0.06523403553601298, 18.291947646964736, , 
0.06519207643063252, 18.180721018767407, , 
0.06519207643063252, 17.395344827216725, , 
0.06523403553601298, 16.768793820927048, , 
0.06608817749511509, 18.244132732823495, , 
0.06563789192530028, 18.133122461703728, , 
0.06583372928206632, 17.988813933148716, , 
0.06583372928206632, 17.47712944471418, , 
0.06635906404902753, 15.983837616644571, , 
0.06625326199451215, 18.606754655406576, , 
0.06652952291463582, 17.323946991621206, , 
0.06652952291463582, 16.82416214245259, , 
0.0668048795436953, 18.470862223221737, , 
0.0668048795436953, 16.757314168929337, , 
0.06701729751468405, 17.899259551189395, , 
0.0669578554487284, 16.158540653906478, , 
0.06761699126073739, 17.834118622691765, , 
0.06808264281745896, 16.925212527415617, , 
0.06833245322395393, 16.67716659857947, , 
0.06849266816735028, 16.561331047600284, , 
0.06899704854470873, 18.240646979907215, , 
0.06898320003471903, 17.179638463066194, , 
0.06903395701703408, 18.566059337349092, , 
0.06903395701703408, 18.054374848914556, , 
0.07012158119597589, 17.261188367814725, , 
0.06985797811977018, 16.251940426686378, , 
0.07054186236664567, 17.728534726662467, , 
0.07072174564068906, 16.299538983750054, , 
0.07098767786131344, 17.990326790512697, , 
0.07126303449037286, 17.31659721442755, , 
0.07126303449037286, 16.828712004524853, , 
0.0714334933559812, 17.811832201523902, , 
0.07187930885064897, 17.65713689106695, , 
0.07236708345069714, 19.160621313376854, , 
0.07277093983998445, 17.20495059896201, , 
0.07321675533465222, 17.43104374501448, , 
0.07339431665299417, 17.03911395958452, , 
0.07349211196371169, 17.73308458873473, , 
0.0736450878687448, 16.33703524289527, , 
0.07438374295304723, 18.661256451476447, , 
0.07459616092403598, 19.02972528145174, , 
0.07500001731332329, 19.287387470497915, , 
0.07515788844731752, 19.09802921083812, , 
0.07561178434782617, 18.267627759215014, , 
0.07572118943705047, 19.04204490798587, , 
0.07593360740803923, 18.82743141393111, , 
0.07656206344407096, 17.381932330586825, , 
0.07682523839737476, 17.054385163309114, , 
0.07676579633141911, 16.33703524289527, , 
0.0774249321434281, 17.73892150856441, , 
0.07787074763809587, 18.048312129478315, , 
0.07767491028132983, 17.25254915602569, , 
0.07860850037604583, 19.362915180897485, , 
0.08009982511143471, 17.988813933148716, , 
0.08079561874400415, 18.394914525553958, , 
0.08151679086773139, 17.93537845625536, , 
0.08188308709010572, 18.54809697864693, , 
0.08194375754552902, 19.88635056310712, , 
0.08217502433338791, 17.75646387999836, , 
0.08257068558490555, 19.548326435209592, , 
0.08324663268908922, 18.228967704331406, , 
0.0834705117120107, 18.71620478573378, , 
0.08409946121870393, 20.11834394696227, , 
0.08395828631205893, 16.91158949211808, , 
0.08438181103199333, 17.522040986459746, , 
0.08480795819601405, 18.847100817658895, , 
0.08480795819601405, 17.740434365928387, , 
0.08552913031974119, 18.244769077169266, , 
0.08552913031974119, 17.042905511311403, , 
0.08569139404757986, 19.643523549336948, , 
0.08637000432676167, 18.738491206901642, , 
0.0861454046800173, 18.58530875380867, , 
0.0867870575314511, 18.857487599560837, , 
0.08926611314269162, 18.94229793178625, , 
0.08975388774273985, 18.16105161503962, , 
0.09332041170008187, 19.70800471960915, , 
0.09327845259470147, 17.776133283726146, , 
0.09416188844626727, 19.40553076401856, , 
0.09484132840689086, 19.775191913618265, , 
0.09644112016275619, 19.172520952642774, , 
0.09756614867577074, 19.113442743581388, , 
0.09777856664675955, 17.94685810825307, , 
0.09890359515977398, 16.91200947938629, , 
0.09995748987694819, 20.46459865868539, , 
0.10000764412009833, 19.589008326949955, , 
0.10264057798272441, 18.33541632922436, , 
0.10353220897205995, 17.8713303978535, , 
0.10446579906677589, 19.624707244747714, , 
0.1075865075294502, 19.208219870440534, , 
0.10892395401345356, 17.57796929100957, , 
0.10936976950812127, 20.017395340523056, , 
0.11132392742641506, 19.701856572655092, , 

