131.19999672 637.44003211
158.39999604 652.16003174
149.75999626 652.80003173
194.87999513 653.44003171
155.8399961 654.08003169
175.67999561 655.36003166
158.71999603 657.60003161
191.03999522 661.7600315
161.27999597 661.7600315
184.95999538 663.68003145
166.07999585 664.96003142
210.87999473 665.28003141
205.11999487 665.28003141
210.23999474 667.52003136
170.23999574 668.16003134
215.03999462 668.16003134
169.91999575 669.7600313
211.51999471 670.08003129
169.59999576 671.36003126
151.9999962 674.56003118
210.23999474 674.56003118
192.31999519 674.56003118
191.9999952 675.20003117
240.95999398 677.7600311
181.11999547 678.08003109
207.9999948 679.04003107
181.43999546 680.00003105
175.67999561 680.00003105
202.55999494 680.32003104
180.79999548 680.32003104
195.19999512 680.64003103
207.67999481 680.96003102
188.79999528 681.60003101
221.43999446 681.60003101
210.23999474 682.88003097
217.59999456 683.20003097
221.11999447 683.20003097
212.47999469 684.16003094
216.95999458 684.16003094
216.95999458 684.48003093
219.51999451 684.80003093
212.1599947 685.44003091
178.55999554 685.44003091
203.8399949 685.7600309
247.03999382 686.08003089
198.39999504 686.72003088
222.39999444 686.72003088
218.55999454 687.04003087
157.43999606 687.36003086
187.8399953 687.68003085
235.8399941 688.64003083
188.79999528 689.28003081
223.03999442 689.60003081
200.95999498 689.9200308
210.87999473 690.24003079
238.07999405 690.88003077
207.35999482 691.20003077
197.75999506 691.52003076
258.87999353 691.84003075
203.19999492 691.84003075
210.55999474 692.16003074
250.87999373 692.48003073
191.03999522 692.80003073
226.23999434 692.80003073
239.03999402 693.7600307
212.47999469 693.7600307
163.19999592 693.7600307
212.79999468 693.7600307
179.8399955 694.08003069
243.8399939 694.08003069
192.63999518 694.08003069
219.19999452 694.40003069
189.11999527 694.40003069
207.35999482 694.72003068
213.75999466 695.04003067
216.95999458 695.04003067
244.79999388 695.36003066
255.35999362 695.36003066
255.35999362 695.68003065
211.19999472 696.00003065
226.87999433 696.64003063
200.95999498 696.64003063
198.39999504 696.96003062
254.07999365 696.96003062
217.27999457 697.60003061
225.27999437 697.60003061
249.91999375 697.60003061
215.03999462 697.60003061
213.43999466 697.9200306
228.1599943 697.9200306
216.63999458 698.56003058
231.67999421 698.56003058
210.55999474 698.88003057
217.59999456 699.20003057
244.1599939 699.20003057
246.71999383 699.20003057
233.59999416 699.52003056
196.47999509 699.84003055
205.75999486 700.16003054
234.23999414 700.80003053
218.23999454 700.80003053
221.11999447 700.80003053
201.91999495 700.80003053
228.79999428 701.12003052
207.03999482 701.12003052
250.87999373 701.7600305
235.51999411 701.7600305
251.19999372 701.7600305
231.9999942 701.7600305
240.95999398 702.08003049
264.95999338 702.08003049
234.23999414 702.40003049
255.03999362 702.72003048
239.03999402 703.04003047
239.03999402 703.36003046
253.11999367 703.36003046
242.55999394 703.36003046
250.23999374 703.36003046
294.71999263 703.68003045
252.1599937 703.68003045
216.31999459 703.68003045
246.07999385 703.68003045
216.95999458 703.68003045
217.59999456 703.68003045
221.11999447 703.68003045
234.55999414 703.68003045
200.31999499 704.00003045
230.39999424 704.00003045
254.07999365 704.00003045
230.39999424 704.00003045
251.8399937 704.00003045
240.95999398 704.64003043
230.39999424 704.64003043
209.27999477 704.64003043
254.71999363 704.96003042
256.95999358 704.96003042
254.71999363 705.28003041
212.47999469 705.28003041
255.35999362 705.28003041
231.35999422 705.60003041
227.8399943 705.60003041
211.19999472 705.9200304
218.23999454 706.24003039
248.95999378 706.24003039
247.03999382 706.56003038
239.35999402 706.88003037
233.27999417 707.20003037
231.03999422 707.20003037
214.39999464 707.20003037
203.8399949 707.20003037
207.35999482 707.20003037
247.67999381 707.52003036
263.35999342 707.52003036
232.95999418 707.52003036
211.19999472 707.84003035
217.91999455 708.16003034
207.9999948 708.48003033
228.79999428 708.80003033
230.07999425 708.80003033
258.87999353 709.12003032
265.91999335 709.44003031
257.59999356 709.44003031
264.63999338 710.08003029
276.79999308 710.40003029
278.71999303 710.72003028
265.91999335 710.72003028
213.75999466 711.04003027
213.75999466 711.36003026
232.95999418 711.36003026
271.9999932 711.36003026
215.67999461 711.68003025
211.51999471 711.68003025
233.91999415 711.68003025
216.95999458 711.68003025
218.55999454 712.00003025
241.91999395 712.32003024
258.87999353 712.32003024
235.19999412 712.32003024
253.75999366 712.32003024
232.95999418 712.32003024
260.79999348 712.64003023
259.51999351 712.64003023
208.63999478 712.64003023
268.47999329 712.96003022
253.75999366 712.96003022
237.75999406 713.28003021
261.43999346 713.28003021
237.43999406 713.9200302
255.35999362 714.24003019
237.43999406 714.24003019
254.39999364 714.24003019
256.31999359 714.24003019
243.51999391 714.56003018
217.91999455 714.56003018
286.39999284 714.56003018
250.87999373 714.56003018
255.03999362 714.56003018
280.63999298 714.56003018
265.91999335 714.56003018
265.91999335 714.88003017
239.35999402 714.88003017
279.03999302 715.20003017
251.19999372 715.20003017
271.9999932 715.20003017
250.55999374 715.52003016
247.35999382 715.84003015
258.55999354 715.84003015
241.59999396 715.84003015
250.23999374 715.84003015
278.39999304 716.16003014
259.8399935 716.16003014
206.07999485 716.16003014
286.07999285 716.16003014
210.87999473 716.48003013
274.23999314 716.80003013
254.07999365 716.80003013
263.67999341 716.80003013
264.95999338 717.12003012
243.19999392 717.12003012
212.1599947 717.12003012
261.43999346 717.44003011
267.51999331 717.44003011
278.39999304 717.44003011
259.8399935 717.44003011
228.79999428 717.44003011
274.87999313 717.44003011
223.35999442 717.44003011
260.79999348 717.44003011
219.19999452 717.44003011
234.23999414 717.7600301
231.03999422 717.7600301
261.75999346 717.7600301
236.47999409 717.7600301
260.79999348 717.7600301
269.11999327 717.7600301
254.07999365 718.08003009
271.35999322 718.08003009
234.23999414 718.08003009
295.9999926 718.40003009
265.59999336 718.40003009
240.31999399 718.40003009
285.43999286 718.40003009
252.47999369 718.40003009
238.71999403 718.40003009
238.71999403 718.72003008
262.39999344 718.72003008
234.23999414 718.72003008
270.39999324 718.72003008
241.91999395 718.72003008
259.19999352 719.04003007
255.67999361 719.04003007
236.47999409 719.04003007
247.9999938 719.04003007
258.87999353 719.04003007
254.39999364 719.04003007
293.75999266 719.04003007
281.27999297 719.36003006
212.47999469 719.36003006
265.91999335 719.36003006
278.07999305 719.36003006
271.67999321 719.36003006
285.11999287 719.36003006
247.35999382 720.00003005
224.63999438 720.32003004
224.31999439 720.32003004
230.71999423 720.64003003
249.27999377 720.64003003
272.63999318 720.96003002
253.75999366 720.96003002
262.71999343 720.96003002
250.23999374 720.96003002
255.9999936 720.96003002
233.91999415 720.96003002
252.79999368 720.96003002
280.31999299 721.28003001
272.95999318 721.28003001
207.67999481 721.28003001
249.27999377 721.28003001
264.63999338 721.60003001
255.9999936 721.60003001
208.95999478 721.60003001
263.9999934 722.24002999
249.27999377 722.56002998
248.95999378 722.56002998
242.87999393 722.56002998
255.03999362 722.56002998
242.55999394 722.88002997
253.75999366 723.20002997
254.07999365 723.52002996
260.47999349 723.52002996
283.51999291 723.52002996
255.35999362 723.52002996
260.1599935 723.84002995
268.79999328 723.84002995
268.79999328 724.16002994
247.03999382 724.16002994
242.87999393 724.16002994
249.59999376 724.16002994
237.11999407 724.16002994
251.8399937 724.48002993
285.43999286 724.48002993
257.91999355 724.48002993
279.67999301 724.48002993
255.35999362 724.80002993
255.67999361 725.12002992
203.19999492 725.12002992
241.27999397 725.12002992
281.59999296 725.12002992
292.79999268 725.44002991
270.07999325 725.44002991
266.55999334 725.44002991
240.31999399 725.44002991
238.39999404 725.44002991
254.71999363 725.44002991
279.03999302 725.7600299
234.23999414 725.7600299
275.19999312 725.7600299
259.8399935 725.7600299
252.79999368 725.7600299
259.51999351 725.7600299
284.1599929 725.7600299
243.8399939 726.08002989
260.79999348 726.08002989
281.59999296 726.08002989
248.63999378 726.08002989
227.8399943 726.08002989
265.59999336 726.40002989
282.55999294 726.40002989
236.47999409 726.40002989
269.43999326 726.72002988
269.43999326 727.04002987
258.55999354 726.72002988
266.23999334 727.04002987
252.1599937 727.04002987
229.11999427 727.04002987
279.03999302 727.04002987
262.39999344 727.36002986
281.27999297 727.36002986
276.79999308 727.36002986
251.8399937 727.36002986
256.95999358 727.68002985
288.95999278 727.68002985
268.1599933 727.68002985
252.47999369 727.68002985
287.35999282 728.00002985
273.59999316 728.00002985
270.39999324 728.32002984
274.55999314 728.32002984
259.51999351 728.64002983
255.35999362 728.64002983
295.03999262 728.64002983
257.59999356 728.64002983
251.19999372 728.64002983
265.27999337 728.64002983
259.51999351 728.64002983
265.59999336 728.64002983
248.31999379 728.64002983
230.39999424 728.96002982
266.23999334 728.96002982
249.27999377 728.96002982
249.59999376 728.96002982
278.07999305 729.28002981
208.95999478 729.60002981
240.95999398 729.9200298
256.31999359 729.9200298
234.87999413 729.9200298
269.43999326 730.24002979
269.43999326 730.56002978
277.43999306 730.56002978
273.91999315 730.56002978
252.79999368 730.56002978
228.47999429 730.88002977
240.31999399 730.88002977
255.35999362 730.88002977
279.03999302 730.88002977
247.03999382 731.20002977
281.91999295 731.20002977
266.23999334 731.20002977
260.47999349 731.52002976
225.27999437 731.52002976
270.39999324 731.84002975
258.87999353 732.16002974
255.35999362 732.16002974
247.35999382 732.48002973
295.67999261 732.48002973
281.27999297 732.48002973
249.59999376 732.48002973
259.8399935 732.48002973
254.39999364 732.80002973
284.1599929 732.80002973
258.23999354 732.80002973
280.95999298 732.80002973
252.79999368 732.80002973
255.35999362 732.80002973
251.51999371 732.80002973
273.59999316 733.12002972
208.63999478 733.12002972
250.55999374 733.12002972
264.63999338 733.12002972
243.19999392 733.12002972
296.31999259 733.44002971
296.95999258 733.44002971
250.87999373 733.7600297
281.91999295 733.7600297
264.63999338 733.7600297
276.79999308 733.7600297
249.59999376 733.7600297
286.07999285 734.08002969
270.39999324 734.08002969
248.31999379 734.08002969
255.35999362 734.08002969
283.19999292 734.40002969
282.23999294 734.40002969
263.35999342 734.40002969
303.9999924 734.72002968
282.23999294 734.72002968
274.55999314 734.72002968
297.91999255 734.72002968
280.63999298 734.72002968
250.87999373 734.72002968
248.31999379 734.72002968
278.07999305 734.72002968
280.31999299 735.04002967
263.67999341 735.04002967
256.63999358 735.04002967
255.35999362 735.04002967
297.27999257 735.04002967
259.8399935 735.04002967
283.51999291 735.36002966
273.59999316 735.36002966
270.71999323 735.36002966
288.63999278 735.36002966
231.35999422 735.36002966
258.23999354 735.36002966
291.51999271 735.68002965
256.95999358 735.68002965
263.67999341 735.68002965
240.31999399 735.68002965
236.47999409 736.00002965
297.59999256 736.00002965
228.79999428 736.00002965
281.27999297 736.00002965
288.95999278 736.00002965
257.91999355 736.00002965
305.59999236 736.32002964
277.75999306 736.32002964
223.67999441 736.32002964
268.1599933 736.32002964
291.8399927 736.32002964
274.55999314 736.32002964
274.55999314 736.64002963
311.03999222 736.32002964
258.23999354 736.32002964
287.9999928 736.64002963
268.79999328 736.64002963
263.35999342 736.64002963
235.51999411 736.64002963
287.35999282 736.64002963
234.87999413 736.64002963
267.19999332 736.96002962
239.999994 737.28002961
299.8399925 737.28002961
275.8399931 737.28002961
263.67999341 737.28002961
236.79999408 737.28002961
300.47999249 737.28002961
295.35999262 737.28002961
279.67999301 737.28002961
259.51999351 737.28002961
263.9999934 737.28002961
293.11999267 737.60002961
260.47999349 737.60002961
275.51999311 737.60002961
274.23999314 737.60002961
278.71999303 737.9200296
294.39999264 737.9200296
286.71999283 737.9200296
284.47999289 737.9200296
238.71999403 737.9200296
260.1599935 737.9200296
283.51999291 738.24002959
259.19999352 738.24002959
276.1599931 738.24002959
279.67999301 738.24002959
276.79999308 738.56002958
274.23999314 738.56002958
281.59999296 738.88002957
267.19999332 738.88002957
287.9999928 738.88002957
261.43999346 738.88002957
261.43999346 738.88002957
280.63999298 738.88002957
273.91999315 738.88002957
260.1599935 739.20002957
283.19999292 739.20002957
295.03999262 739.20002957
279.35999302 739.20002957
254.71999363 739.52002956
269.43999326 739.52002956
301.43999246 739.52002956
262.71999343 739.84002955
292.47999269 739.84002955
273.91999315 739.84002955
269.43999326 740.16002954
232.63999418 740.16002954
295.67999261 740.16002954
281.59999296 740.16002954
258.23999354 740.16002954
311.03999222 740.16002954
290.87999273 740.16002954
264.63999338 740.16002954
262.71999343 740.16002954
241.91999395 740.16002954
296.31999259 740.48002953
310.07999225 740.48002953
282.87999293 740.48002953
277.43999306 740.48002953
289.59999276 740.48002953
221.75999446 740.48002953
307.51999231 740.48002953
295.35999262 740.80002953
283.19999292 740.80002953
258.55999354 740.80002953
266.87999333 740.80002953
279.999993 740.80002953
260.1599935 741.12002952
289.27999277 741.12002952
287.03999282 741.12002952
286.07999285 741.12002952
267.51999331 741.12002952
264.31999339 741.44002951
315.8399921 741.44002951
285.11999287 741.7600295
239.999994 741.7600295
304.95999238 741.7600295
318.07999205 741.7600295
262.71999343 741.7600295
290.23999274 741.7600295
283.19999292 741.7600295
276.79999308 741.7600295
268.47999329 742.08002949
267.8399933 742.08002949
267.8399933 742.40002949
262.07999345 742.08002949
253.43999366 742.08002949
266.55999334 742.08002949
264.31999339 742.08002949
259.19999352 742.08002949
258.23999354 742.08002949
247.03999382 742.08002949
270.71999323 742.08002949
246.71999383 742.08002949
290.23999274 742.40002949
267.8399933 742.40002949
263.03999342 742.72002948
260.1599935 742.72002948
256.31999359 742.72002948
301.75999246 743.04002947
262.71999343 743.04002947
240.31999399 743.04002947
280.31999299 743.04002947
274.55999314 743.04002947
274.55999314 743.36002946
295.03999262 743.04002947
284.1599929 743.04002947
263.67999341 743.04002947
273.59999316 743.36002946
230.39999424 743.36002946
286.71999283 743.36002946
283.19999292 743.36002946
263.9999934 743.68002945
269.11999327 743.68002945
253.75999366 743.68002945
283.19999292 743.68002945
292.47999269 743.68002945
249.59999376 743.68002945
297.59999256 743.68002945
224.63999438 743.68002945
259.8399935 744.00002945
317.11999207 744.00002945
289.59999276 744.00002945
275.8399931 744.00002945
276.79999308 744.00002945
259.8399935 744.32002944
277.75999306 744.32002944
279.67999301 744.32002944
301.11999247 744.32002944
241.91999395 744.32002944
258.87999353 744.64002943
282.55999294 744.64002943
280.95999298 744.96002942
282.55999294 744.96002942
323.19999192 744.96002942
309.75999226 744.96002942
255.03999362 744.96002942
266.87999333 744.96002942
265.59999336 744.96002942
275.51999311 744.96002942
265.59999336 745.28002941
254.07999365 745.28002941
276.79999308 745.28002941
265.59999336 745.28002941
254.39999364 745.28002941
255.03999362 745.28002941
299.8399925 745.60002941
280.31999299 745.60002941
281.27999297 745.60002941
242.55999394 745.60002941
284.79999288 745.60002941
294.07999265 745.60002941
253.43999366 745.60002941
270.39999324 745.9200294
277.11999307 745.9200294
268.47999329 745.9200294
249.59999376 746.24002939
252.1599937 746.24002939
281.59999296 746.24002939
293.11999267 746.24002939
260.79999348 746.56002938
301.75999246 746.56002938
271.9999932 746.88002937
296.95999258 746.88002937
285.11999287 746.88002937
255.35999362 746.88002937
244.79999388 746.88002937
282.23999294 746.88002937
247.9999938 747.20002937
268.1599933 747.20002937
287.9999928 747.20002937
250.87999373 747.20002937
287.9999928 747.52002936
267.51999331 747.52002936
283.19999292 747.52002936
268.79999328 747.52002936
255.35999362 747.52002936
280.63999298 747.52002936
298.55999254 747.84002935
292.47999269 747.84002935
325.43999186 748.16002934
230.39999424 748.16002934
311.67999221 748.16002934
281.27999297 748.16002934
265.27999337 748.16002934
269.75999326 748.16002934
243.19999392 748.16002934
251.51999371 748.48002933
290.87999273 748.48002933
284.1599929 748.48002933
284.1599929 748.80002933
309.43999226 748.80002933
292.79999268 748.80002933
294.39999264 748.80002933
269.43999326 748.80002933
303.03999242 748.80002933
277.11999307 748.80002933
278.39999304 749.12002932
303.03999242 749.12002932
283.19999292 749.12002932
241.91999395 749.12002932
265.27999337 749.12002932
301.43999246 749.12002932
298.23999254 749.12002932
285.75999286 749.12002932
258.23999354 749.44002931
296.31999259 749.44002931
283.19999292 749.44002931
276.79999308 749.7600293
281.59999296 749.7600293
278.71999303 749.7600293
278.71999303 750.08002929
305.59999236 750.08002929
281.27999297 750.40002929
291.19999272 750.40002929
262.71999343 750.40002929
279.03999302 750.40002929
295.67999261 750.40002929
298.55999254 750.40002929
304.63999238 750.40002929
297.59999256 750.72002928
284.1599929 751.04002927
288.63999278 751.04002927
309.75999226 751.04002927
300.79999248 751.04002927
297.91999255 751.04002927
289.27999277 751.04002927
285.43999286 751.04002927
285.43999286 751.36002926
271.9999932 751.36002926
243.19999392 751.36002926
297.91999255 751.36002926
308.79999228 751.36002926
293.43999266 751.36002926
276.79999308 751.36002926
288.31999279 751.68002925
282.87999293 751.68002925
274.87999313 751.68002925
256.63999358 751.68002925
311.35999222 751.68002925
273.59999316 752.00002925
261.11999347 752.00002925
311.03999222 752.00002925
276.1599931 752.00002925
281.91999295 752.00002925
274.87999313 752.32002924
265.59999336 752.64002923
287.35999282 752.64002923
321.59999196 752.64002923
302.39999244 752.64002923
315.51999211 752.64002923
242.55999394 752.64002923
295.67999261 752.96002922
283.19999292 752.96002922
302.07999245 752.96002922
329.59999176 752.96002922
276.47999309 752.96002922
303.67999241 752.96002922
309.75999226 753.28002921
255.9999936 753.28002921
272.95999318 753.28002921
272.95999318 753.60002921
267.51999331 753.60002921
263.67999341 753.60002921
275.51999311 753.60002921
306.55999234 753.60002921
298.87999253 753.60002921
330.55999174 753.60002921
305.59999236 753.60002921
308.47999229 753.60002921
272.95999318 753.9200292
296.63999258 753.9200292
313.27999217 754.24002919
261.43999346 754.24002919
233.59999416 754.24002919
263.35999342 754.24002919
302.71999243 754.24002919
257.27999357 754.24002919
257.27999357 754.56002918
287.03999282 754.24002919
306.87999233 754.24002919
278.39999304 754.56002918
289.27999277 754.56002918
309.75999226 754.56002918
294.39999264 754.56002918
278.71999303 754.56002918
247.35999382 754.56002918
309.43999226 754.56002918
290.87999273 754.56002918
280.95999298 754.56002918
299.19999252 754.88002917
294.39999264 754.88002917
277.43999306 754.88002917
314.55999214 754.88002917
273.59999316 754.88002917
301.43999246 754.88002917
262.07999345 754.88002917
295.9999926 755.20002917
295.9999926 755.52002916
256.31999359 755.20002917
261.43999346 755.20002917
292.1599927 755.20002917
319.999992 755.52002916
300.79999248 755.52002916
281.59999296 755.52002916
295.9999926 755.52002916
282.87999293 755.52002916
265.27999337 755.84002915
285.11999287 755.84002915
281.91999295 755.84002915
285.43999286 755.84002915
256.31999359 756.16002914
258.87999353 756.16002914
280.31999299 756.16002914
277.11999307 756.16002914
301.11999247 756.16002914
299.19999252 756.16002914
291.19999272 756.16002914
291.51999271 756.16002914
279.03999302 756.16002914
287.35999282 756.48002913
276.79999308 756.48002913
276.1599931 756.48002913
282.87999293 756.48002913
323.8399919 756.80002913
316.47999209 756.80002913
306.55999234 756.80002913
286.07999285 756.80002913
296.63999258 756.80002913
316.79999208 756.80002913
308.79999228 756.80002913
301.43999246 757.12002912
281.27999297 757.12002912
273.27999317 757.12002912
303.9999924 757.44002911
299.8399925 757.44002911
254.07999365 757.44002911
290.23999274 757.44002911
268.79999328 757.44002911
316.1599921 757.44002911
290.55999274 757.44002911
308.1599923 757.44002911
308.1599923 757.7600291
257.59999356 757.7600291
286.07999285 757.7600291
266.55999334 757.7600291
292.47999269 757.7600291
300.47999249 757.7600291
305.91999235 758.08002909
303.9999924 758.08002909
280.31999299 758.08002909
264.95999338 758.08002909
270.07999325 758.40002909
316.47999209 758.40002909
290.23999274 758.40002909
258.87999353 758.40002909
314.23999214 758.40002909
265.59999336 758.40002909
280.31999299 758.40002909
286.71999283 758.72002908
283.19999292 758.72002908
283.19999292 759.04002907
305.59999236 758.72002908
267.8399933 758.72002908
269.43999326 759.04002907
281.91999295 759.04002907
268.47999329 759.04002907
257.27999357 759.04002907
286.07999285 759.36002906
282.55999294 759.36002906
304.63999238 759.68002905
260.1599935 759.68002905
272.31999319 759.68002905
286.39999284 759.68002905
280.31999299 759.68002905
318.71999203 759.68002905
316.1599921 759.68002905
288.31999279 759.68002905
305.27999237 760.00002905
280.95999298 760.00002905
299.19999252 760.00002905
298.23999254 760.00002905
296.95999258 760.00002905
286.71999283 760.00002905
289.27999277 760.32002904
268.1599933 760.32002904
279.67999301 760.32002904
272.63999318 760.32002904
300.1599925 760.64002903
292.79999268 760.64002903
299.51999251 760.64002903
256.63999358 760.64002903
257.91999355 760.64002903
298.55999254 760.96002902
315.8399921 760.96002902
288.31999279 760.96002902
328.95999178 760.96002902
328.95999178 761.28002901
307.51999231 760.96002902
296.31999259 760.96002902
294.71999263 760.96002902
283.19999292 761.28002901
306.23999234 761.28002901
303.03999242 761.28002901
301.75999246 761.28002901
301.43999246 761.28002901
275.8399931 761.28002901
330.55999174 761.60002901
273.59999316 761.60002901
316.1599921 761.60002901
300.47999249 761.60002901
315.51999211 761.60002901
277.43999306 761.60002901
266.55999334 761.60002901
297.91999255 761.60002901
290.55999274 761.60002901
283.8399929 761.60002901
292.1599927 761.920029
299.19999252 761.920029
306.55999234 761.920029
303.35999242 761.920029
304.63999238 761.920029
291.51999271 761.920029
278.07999305 761.920029
308.1599923 762.24002899
287.35999282 762.24002899
296.31999259 762.24002899
283.19999292 762.56002898
289.27999277 762.56002898
319.67999201 762.56002898
269.75999326 762.56002898
277.43999306 762.56002898
283.8399929 762.56002898
310.39999224 762.88002897
284.47999289 762.88136231
299.19999252 762.88136231
284.1599929 762.88136231
279.03999302 762.88136231
317.75999206 763.20002897
293.43999266 763.20002897
281.91999295 763.20002897
288.31999279 763.20002897
283.19999292 763.20002897
332.47999169 763.20002897
306.23999234 763.20002897
292.1599927 763.20002897
309.75999226 763.20002897
304.31999239 763.20002897
272.95999318 763.52002896
266.55999334 763.52002896
284.47999289 763.52002896
296.63999258 763.84002895
295.67999261 763.84002895
288.31999279 763.84002895
295.67999261 763.84002895
284.79999288 763.84002895
308.79999228 763.84002895
289.59999276 763.84002895
287.67999281 763.84002895
285.43999286 763.84002895
307.51999231 764.16002894
285.11999287 764.16002894
287.9999928 764.16002894
283.51999291 764.16002894
292.1599927 764.16002894
300.1599925 764.16002894
285.11999287 764.16002894
274.87999313 764.48136227
313.27999217 764.48136227
319.999992 764.48136227
325.43999186 764.80002893
266.55999334 764.80002893
285.75999286 764.80002893
298.23999254 764.80002893
266.87999333 764.80002893
337.27999157 764.80002893
300.79999248 765.12002892
307.19999232 765.12002892
299.19999252 765.12002892
256.31999359 765.12002892
315.8399921 765.12002892
306.55999234 765.12002892
264.95999338 765.44002891
302.39999244 765.44002891
299.8399925 765.44002891
255.03999362 765.44002891
329.27999177 765.44002891
279.03999302 765.7600289
281.27999297 765.7600289
288.95999278 765.7600289
305.91999235 765.7600289
279.03999302 765.7600289
307.8399923 765.7600289
283.51999291 765.7600289
303.67999241 765.7600289
285.43999286 765.7600289
303.35999242 766.08136223
267.19999332 766.08136223
307.51999231 766.08136223
316.1599921 766.08136223
250.87999373 766.40002889
295.67999261 766.40002889
336.31999159 766.40002889
299.51999251 766.40002889
330.55999174 766.72002888
306.87999233 766.72136221
285.11999287 766.72136221
306.23999234 766.72136221
279.999993 767.04002887
319.35999202 767.04002887
308.1599923 767.04002887
318.07999205 767.04002887
304.63999238 767.36002886
333.75999166 767.36002886
303.03999242 767.36002886
300.79999248 767.36002886
315.51999211 767.36002886
335.35999162 767.68136219
303.35999242 767.68136219
284.1599929 767.68136219
314.23999214 767.68136219
305.91999235 768.00002885
303.67999241 768.00002885
309.75999226 768.00002885
285.11999287 768.00002885
296.95999258 768.00002885
309.75999226 768.00002885
264.31999339 768.00002885
335.03999162 768.32136217
287.35999282 768.32136217
329.91999175 768.32136217
309.43999226 768.32136217
325.75999186 768.32136217
323.8399919 768.32136217
308.47999229 768.64002883
307.51999231 768.64002883
309.11999227 768.64002883
304.31999239 768.96002882
304.31999239 769.28136215
286.71999283 768.96002882
279.67999301 768.96002882
335.9999916 768.96002882
308.47999229 768.96002882
286.39999284 769.28136215
321.59999196 769.28136215
286.07999285 769.28136215
288.95999278 769.28136215
307.51999231 769.28136215
288.95999278 769.28136215
330.23999174 769.28136215
324.1599919 769.28136215
280.63999298 769.28136215
310.71999223 769.28136215
314.55999214 769.60002881
295.9999926 769.60002881
321.91999195 769.60002881
302.07999245 769.60002881
307.51999231 769.60002881
277.43999306 769.60002881
308.1599923 769.60002881
297.59999256 769.60002881
299.19999252 769.60002881
299.19999252 769.92136213
298.23999254 769.92136213
284.79999288 769.92136213
300.79999248 769.92136213
306.55999234 769.92136213
329.91999175 769.92136213
304.63999238 769.92136213
311.03999222 769.92136213
284.47999289 769.92136213
309.11999227 769.92136213
316.47999209 770.24002879
288.31999279 770.24002879
287.03999282 770.24002879
305.59999236 770.56002878
328.95999178 770.56002878
320.63999198 770.56002878
307.19999232 770.56002878
310.07999225 770.88136211
278.71999303 770.88136211
301.75999246 770.88136211
301.11999247 770.88136211
318.71999203 770.88136211
308.79999228 770.88136211
321.59999196 771.20002877
295.67999261 771.20002877
294.39999264 771.20002877
310.39999224 771.20002877
301.11999247 771.20002877
296.31999259 771.20002877
292.1599927 771.20002877
302.71999243 771.52136209
315.8399921 771.52136209
284.79999288 771.52136209
300.1599925 771.52136209
292.79999268 771.52136209
288.95999278 771.52136209
301.43999246 771.52136209
301.43999246 771.84002875
285.75999286 771.52136209
321.27999197 771.84002875
317.11999207 771.84002875
320.95999198 771.84002875
305.91999235 771.84002875
312.63999218 771.84002875
297.91999255 771.84002875
308.47999229 772.16136208
285.11999287 772.16136208
323.51999191 772.16136208
282.55999294 772.48136207
316.1599921 772.48136207
345.27999137 772.48136207
332.47999169 772.48136207
297.91999255 772.80002873
315.8399921 772.80002873
321.27999197 772.80002873
296.95999258 772.80002873
319.999992 772.80002873
268.47999329 772.80002873
304.95999238 772.80002873
294.71999263 772.80002873
345.91999135 773.12136205
330.55999174 773.12136205
316.1599921 773.12136205
308.1599923 773.12136205
314.87999213 773.12136205
302.39999244 773.12136205
298.23999254 773.44002871
314.55999214 773.44002871
300.1599925 773.44002871
307.8399923 773.76136204
294.07999265 773.76136204
282.23999294 773.76136204
310.71999223 773.76136204
292.79999268 774.08136203
303.35999242 774.08136203
279.999993 774.08136203
284.47999289 774.08136203
300.79999248 774.08136203
321.91999195 774.40002869
284.47999289 774.40002869
292.79999268 774.40002869
290.23999274 774.72136201
285.43999286 774.72136201
322.55999194 774.72136201
310.07999225 774.72136201
303.67999241 774.72136201
309.75999226 774.72136201
277.75999306 774.72136201
306.87999233 774.72136201
311.35999222 775.04002867
295.9999926 775.04002867
295.9999926 775.361362
264.95999338 775.04002867
285.11999287 775.04002867
321.91999195 775.361362
316.79999208 775.361362
279.03999302 775.68136199
284.79999288 775.68136199
322.23999194 775.68136199
301.11999247 775.68136199
305.59999236 776.00002865
278.71999303 776.00002865
295.35999262 776.00002865
319.35999202 776.00002865
307.51999231 776.00002865
338.87999153 776.00002865
327.67999181 776.00002865
310.07999225 776.32136197
316.79999208 776.32136197
314.87999213 776.32136197
288.95999278 776.32136197
283.8399929 776.32136197
314.87999213 776.32136197
298.55999254 776.64002863
297.59999256 776.64002863
298.55999254 776.64002863
292.1599927 776.64002863
286.07999285 776.64002863
305.91999235 776.64002863
293.11999267 776.64002863
326.07999185 776.96136196
265.59999336 776.96136196
284.1599929 776.96136196
304.63999238 776.96136196
305.27999237 776.96136196
303.35999242 776.96136196
314.23999214 776.96136196
316.79999208 776.96136196
316.79999208 777.28136195
305.91999235 777.28136195
306.87999233 777.28136195
302.39999244 777.28136195
286.39999284 777.28136195
346.23999134 777.28136195
301.11999247 777.60136194
305.27999237 777.60136194
298.23999254 777.60136194
292.1599927 777.60136194
305.59999236 777.60136194
321.91999195 777.92136193
276.47999309 777.92136193
301.11999247 778.24002859
321.27999197 778.24002859
311.03999222 778.24002859
300.47999249 778.24002859
296.31999259 778.24002859
335.35999162 778.56136192
331.8399917 778.56136192
287.67999281 778.56136192
321.27999197 778.88136191
285.11999287 778.88136191
302.71999243 778.88136191
283.19999292 778.88136191
318.39999204 779.2013619
283.8399929 779.2013619
310.39999224 779.2013619
321.27999197 779.52136189
298.23999254 779.52136189
338.87999153 779.52136189
312.63999218 779.52136189
313.59999216 779.52136189
316.47999209 779.84002855
309.75999226 779.84002855
323.19999192 779.84002855
319.67999201 779.84002855
348.1599913 779.84002855
320.63999198 779.84002855
319.03999202 779.84002855
301.75999246 779.84002855
324.47999189 779.84002855
299.19999252 780.16136188
306.87999233 780.16136188
321.59999196 780.16136188
296.95999258 780.16136188
322.87999193 780.16136188
319.67999201 780.16136188
306.23999234 780.16136188
300.79999248 780.16136188
295.35999262 780.16136188
303.35999242 780.48136187
307.19999232 780.48136187
313.27999217 780.80136186
285.75999286 780.80136186
334.07999165 780.80136186
310.71999223 781.12136185
322.87999193 781.12136185
333.43999166 781.12136185
309.43999226 781.12136185
316.47999209 781.12136185
349.11999127 781.12136185
325.75999186 781.12136185
310.39999224 781.44002851
335.35999162 781.44002851
307.8399923 781.44002851
299.19999252 781.44002851
335.35999162 781.76136184
303.03999242 781.76136184
328.95999178 781.76136184
304.31999239 781.76136184
331.19999172 781.76136184
285.43999286 781.76136184
299.19999252 782.08136183
312.31999219 782.08136183
342.71999143 782.08136183
319.999992 782.08136183
351.03999122 782.08136183
353.27999117 782.08136183
296.95999258 782.08136183
317.11999207 782.40136182
303.03999242 782.40136182
327.35999182 782.40136182
319.35999202 782.40136182
318.71999203 782.40136182
274.23999314 782.72136181
275.19999312 782.72136181
296.95999258 782.72136181
326.07999185 782.72136181
304.95999238 782.72136181
292.47999269 783.0413618
285.75999286 783.0413618
319.999992 783.0413618
332.1599917 783.3613618
296.31999259 783.3613618
336.31999159 783.3613618
303.03999242 783.3613618
309.43999226 783.3613618
300.79999248 783.3613618
299.19999252 783.3613618
333.11999167 783.3613618
316.47999209 783.3613618
285.11999287 783.3613618
320.63999198 783.68136179
303.9999924 783.68136179
304.95999238 783.68136179
303.67999241 783.68136179
293.43999266 784.00136178
318.07999205 784.00136178
308.79999228 784.00136178
319.35999202 784.00136178
336.95999158 784.00136178
336.95999158 784.32136177
319.35999202 784.32136177
317.11999207 784.32136177
298.55999254 784.32136177
314.87999213 784.32136177
317.43999206 784.32136177
326.07999185 784.32136177
322.23999194 784.32136177
332.1599917 784.32136177
328.95999178 784.64136176
309.43999226 784.64136176
323.8399919 784.64136176
330.55999174 784.64136176
313.59999216 784.64136176
296.31999259 784.64136176
321.91999195 784.96136176
318.07999205 784.96136176
294.07999265 784.96136176
311.67999221 785.28136175
330.55999174 785.60136174
304.63999238 785.92136173
299.19999252 786.24136172
315.19999212 786.24136172
289.27999277 786.56136172
331.51999171 786.56136172
335.03999162 786.56136172
311.67999221 786.56136172
310.39999224 786.56136172
313.27999217 786.88136171
295.03999262 786.88136171
333.11999167 786.88136171
332.1599917 786.88136171
318.39999204 786.88136171
310.71999223 786.88136171
319.999992 787.2013617
286.71999283 787.2013617
304.31999239 787.52136169
308.1599923 787.52136169
337.91999155 787.52136169
318.39999204 787.52136169
326.39999184 787.52136169
302.71999243 787.84136168
305.59999236 787.84136168
317.11999207 787.84136168
332.79999168 787.84136168
327.67999181 787.84136168
326.07999185 787.84136168
327.9999918 787.84136168
316.79999208 788.16136168
303.35999242 788.16136168
311.9999922 788.16136168
281.59999296 788.16136168
320.63999198 788.16136168
347.51999131 788.16136168
322.23999194 788.16136168
331.51999171 788.16136168
333.43999166 788.48136167
287.35999282 788.48136167
317.43999206 788.48136167
302.71999243 788.48136167
282.87999293 788.48136167
336.95999158 788.48136167
308.47999229 788.48136167
290.23999274 788.48136167
327.9999918 788.80136166
295.9999926 788.80136166
326.39999184 788.80136166
290.55999274 789.12136165
306.87999233 789.12136165
297.27999257 789.12136165
310.07999225 789.12136165
278.07999305 789.12136165
315.19999212 789.12136165
308.79999228 789.44136164
328.63999178 789.44136164
322.87999193 789.44136164
298.55999254 789.44136164
302.39999244 789.44136164
311.35999222 789.44136164
325.43999186 789.44136164
302.07999245 789.76136164
319.35999202 789.76136164
327.9999918 789.76136164
317.43999206 789.76136164
331.8399917 789.76136164
342.39999144 789.76136164
338.87999153 789.76136164
305.91999235 789.76136164
309.75999226 790.08136163
319.03999202 790.08136163
330.55999174 790.08136163
320.63999198 790.08136163
300.47999249 790.40136162
319.35999202 790.40136162
329.27999177 790.40136162
324.47999189 790.40136162
337.27999157 790.40136162
331.8399917 790.40136162
317.43999206 790.40136162
327.67999181 790.40136162
329.27999177 790.72136161
296.63999258 790.72136161
332.1599917 791.0413616
315.8399921 791.0413616
329.27999177 791.3613616
347.19999132 791.3613616
347.19999132 791.68136159
309.75999226 791.3613616
320.95999198 791.3613616
332.1599917 791.3613616
338.55999154 791.3613616
307.51999231 791.68136159
301.75999246 791.68136159
319.35999202 792.00136158
313.59999216 792.00136158
322.55999194 792.00136158
302.39999244 792.00136158
305.27999237 792.00136158
318.07999205 792.32136157
336.63999158 792.32136157
294.71999263 792.32136157
320.31999199 792.32136157
294.39999264 792.32136157
327.35999182 792.32136157
315.8399921 792.32136157
315.8399921 792.64136156
331.51999171 792.64136156
319.35999202 792.64136156
322.87999193 792.96136156
326.07999185 792.96136156
302.71999243 792.96136156
341.43999146 793.28136155
335.03999162 793.28136155
308.47999229 793.28136155
345.91999135 793.60136154
317.43999206 793.60136154
309.75999226 793.60136154
334.71999163 793.60136154
315.51999211 793.60136154
333.43999166 793.60136154
345.27999137 793.92136153
306.87999233 793.92136153
295.9999926 793.92136153
310.71999223 793.92136153
295.67999261 793.92136153
295.67999261 794.24136152
323.51999191 793.92136153
333.11999167 794.24136152
331.19999172 794.24136152
324.1599919 794.24136152
323.51999191 794.24136152
324.79999188 794.24136152
310.39999224 794.24136152
332.47999169 794.24136152
336.31999159 794.56136152
299.19999252 794.56136152
332.79999168 794.56136152
324.79999188 794.88136151
316.79999208 794.88136151
326.71999183 794.88136151
322.87999193 794.88136151
335.03999162 794.88136151
303.67999241 794.88136151
319.03999202 795.2013615
322.55999194 795.2013615
345.91999135 795.2013615
314.23999214 795.52136149
305.27999237 795.52136149
349.11999127 795.52136149
301.11999247 795.52136149
311.9999922 795.52136149
322.55999194 795.52136149
334.71999163 795.84136148
340.1599915 795.84136148
311.03999222 795.84136148
328.31999179 795.84136148
324.1599919 795.84136148
301.75999246 795.84136148
330.23999174 796.16136148
306.87999233 796.16136148
337.59999156 796.16136148
295.03999262 796.16136148
332.47999169 796.16136148
333.11999167 796.16136148
329.27999177 796.48136147
318.07999205 796.48136147
335.9999916 796.48136147
324.47999189 796.80136146
332.79999168 796.80136146
326.71999183 796.80136146
305.27999237 797.12136145
317.75999206 797.12136145
317.75999206 797.12136145
336.95999158 797.12136145
324.1599919 797.12136145
304.95999238 797.12136145
322.23999194 797.12136145
335.9999916 797.44136144
318.39999204 797.44136144
309.43999226 797.76136144
316.79999208 797.76136144
368.95999078 797.76136144
358.71999103 797.76136144
324.47999189 797.76136144
347.19999132 797.76136144
323.51999191 797.76136144
324.47999189 798.08136143
346.87999133 798.08136143
305.91999235 798.08136143
296.95999258 798.40136142
324.79999188 798.40136142
334.71999163 798.40136142
313.91999215 798.40136142
335.03999162 798.40136142
311.67999221 798.40136142
315.8399921 798.72136141
310.07999225 798.72136141
338.87999153 799.0413614
309.11999227 799.0413614
317.11999207 799.0413614
320.63999198 799.0413614
308.47999229 799.3613614
340.47999149 799.3613614
333.75999166 799.3613614
316.79999208 799.3613614
310.71999223 799.3613614
314.23999214 799.68136139
342.71999143 800.00136138
305.59999236 800.00136138
322.23999194 800.32136137
310.39999224 800.32136137
300.47999249 800.32136137
330.87999173 800.32136137
335.03999162 800.64136136
298.55999254 800.64136136
302.07999245 800.64136136
318.71999203 800.96136136
306.23999234 800.96136136
330.55999174 800.96136136
331.19999172 800.96136136
350.71999123 800.96136136
350.71999123 801.28136135
325.75999186 800.96136136
359.35999102 801.28136135
337.91999155 801.28136135
342.71999143 801.60136134
315.8399921 801.60136134
353.59999116 801.60136134
318.07999205 801.60136134
322.55999194 801.60136134
330.23999174 801.92136133
333.11999167 801.92136133
326.39999184 801.92136133
331.8399917 801.92136133
341.11999147 802.24136132
308.47999229 802.24136132
292.1599927 802.24136132
319.03999202 802.24136132
313.91999215 802.56136132
313.91999215 802.88136131
333.75999166 803.2013613
304.63999238 803.2013613
323.8399919 803.52136129
343.35999142 803.84136128
295.35999262 803.84136128
330.55999174 803.84136128
335.35999162 803.84136128
330.23999174 804.16136128
322.55999194 804.16136128
327.03999182 804.16136128
330.55999174 804.16136128
317.43999206 804.16136128
344.31999139 804.48136127
338.87999153 804.48136127
340.1599915 804.48136127
332.47999169 804.48136127
335.03999162 804.48136127
335.03999162 804.80136126
317.75999206 804.48136127
347.51999131 804.80136126
306.23999234 804.80136126
308.79999228 804.80136126
297.27999257 804.80136126
331.19999172 804.80136126
310.39999224 805.12136125
335.9999916 805.12136125
337.59999156 805.12136125
341.43999146 805.12136125
316.1599921 805.12136125
325.11999187 805.44136124
350.39999124 805.44136124
324.79999188 805.44136124
325.43999186 805.44136124
321.59999196 805.44136124
333.43999166 805.44136124
311.9999922 805.76136124
323.8399919 805.76136124
334.07999165 805.76136124
331.51999171 805.76136124
331.51999171 806.08136123
337.59999156 806.08136123
336.95999158 806.08136123
293.75999266 806.08136123
314.87999213 806.08136123
302.07999245 806.08136123
320.95999198 806.40136122
328.63999178 806.40136122
307.51999231 806.40136122
332.47999169 806.40136122
353.91999115 806.72136121
303.35999242 806.72136121
348.79999128 806.72136121
338.87999153 807.0413612
327.9999918 807.0413612
347.8399913 807.3613612
322.87999193 807.3613612
334.71999163 807.3613612
333.43999166 807.68136119
320.95999198 807.68136119
337.59999156 808.00136118
335.35999162 808.00136118
334.71999163 808.32136117
320.63999198 808.32136117
333.43999166 808.32136117
349.11999127 808.64136116
341.75999146 808.64136116
317.75999206 808.64136116
304.95999238 808.64136116
345.91999135 808.64136116
322.87999193 808.96136116
324.47999189 809.28136115
321.59999196 809.28136115
323.51999191 809.28136115
316.1599921 809.28136115
324.1599919 809.28136115
311.35999222 809.60136114
321.59999196 809.60136114
341.75999146 809.92136113
335.67999161 809.92136113
307.8399923 809.92136113
320.31999199 810.24136112
339.19999152 810.24136112
352.95999118 810.24136112
339.8399915 810.24136112
343.67999141 810.24136112
344.95999138 810.56136112
317.11999207 810.56136112
318.07999205 810.88136111
330.23999174 810.88136111
336.63999158 810.88136111
342.39999144 810.88136111
331.8399917 810.88136111
333.75999166 811.2013611
321.27999197 811.2013611
331.8399917 811.52136109
322.55999194 811.52136109
350.71999123 811.52136109
304.95999238 811.52136109
339.8399915 811.52136109
330.87999173 811.84136108
303.03999242 812.16136108
333.43999166 812.48136107
336.95999158 812.48136107
310.71999223 812.48136107
310.39999224 812.48136107
334.07999165 812.48136107
334.71999163 812.80136106
341.75999146 812.80136106
345.59999136 812.80136106
343.67999141 812.80136106
335.9999916 813.12136105
309.75999226 813.12136105
330.23999174 813.12136105
342.71999143 813.44136104
329.27999177 813.44136104
328.95999178 813.44136104
323.51999191 813.76136104
341.11999147 813.76136104
334.39999164 813.76136104
358.71999103 814.08136103
358.71999103 814.40136102
341.43999146 814.08136103
330.55999174 814.08136103
322.87999193 814.40136102
331.19999172 814.40136102
321.91999195 814.40136102
340.1599915 815.041361
343.9999914 815.041361
331.19999172 815.361361
331.8399917 815.68136099
376.63999058 815.68136099
313.59999216 815.68136099
323.51999191 815.68136099
331.8399917 815.68136099
336.63999158 816.00136098
306.55999234 816.32136097
337.59999156 816.64136096
325.75999186 816.96136096
340.47999149 816.96136096
337.59999156 816.96136096
339.8399915 816.96136096
334.07999165 817.28136095
307.8399923 817.28136095
335.35999162 817.28136095
332.47999169 817.28136095
349.75999126 817.60136094
326.39999184 817.60136094
327.35999182 817.92136093
333.75999166 817.92136093
335.67999161 817.92136093
320.63999198 817.92136093
341.75999146 817.92136093
338.23999154 817.92136093
341.11999147 818.24136092
341.43999146 819.2013609
325.11999187 819.2013609
340.79999148 819.52136089
348.79999128 819.52136089
350.71999123 819.84136088
353.91999115 819.84136088
359.03999102 819.84136088
319.03999202 820.16136088
340.1599915 820.16136088
357.43999106 820.48136087
343.67999141 820.80136086
339.8399915 820.80136086
340.47999149 820.80136086
365.11999087 820.80136086
331.8399917 820.80136086
341.75999146 821.12136085
343.67999141 821.12136085
343.67999141 821.44136084
308.47999229 821.12136085
349.43999126 821.76136084
343.35999142 821.76136084
333.43999166 821.76136084
327.35999182 822.40136082
346.87999133 822.40136082
335.67999161 822.72136081
324.1599919 823.0413608
328.63999178 823.3613608
328.31999179 823.3613608
334.39999164 823.3613608
372.47999069 823.3613608
344.63999138 824.00136078
343.67999141 824.00136078
336.63999158 824.00136078
341.43999146 824.00136078
342.07999145 824.32136077
346.55999134 824.32136077
337.27999157 824.32136077
337.91999155 824.32136077
343.03999142 824.64136076
326.07999185 824.64136076
342.39999144 824.96136076
356.47999109 825.28136075
335.03999162 825.28136075
336.95999158 825.28136075
368.63999078 825.60136074
342.07999145 825.60136074
343.35999142 825.60136074
335.67999161 825.60136074
335.67999161 825.92136073
334.07999165 825.92136073
328.31999179 825.92136073
325.75999186 825.92136073
335.9999916 826.24136072
324.47999189 826.56136072
349.11999127 826.56136072
345.59999136 826.56136072
355.8399911 826.56136072
339.51999151 826.56136072
339.51999151 828.16136068
354.23999114 828.16136068
347.51999131 828.48136067
334.07999165 828.48136067
338.23999154 828.48136067
332.47999169 828.80136066
336.95999158 829.12136065
334.07999165 829.12136065
340.1599915 829.12136065
340.1599915 829.44136064
339.51999151 830.08136063
331.51999171 830.08136063
323.8399919 830.08136063
337.27999157 830.08136063
333.43999166 830.08136063
330.23999174 830.40136062
345.27999137 830.40136062
321.27999197 830.72136061
335.35999162 831.0413606
362.87999093 831.3613606
344.95999138 831.68136059
336.95999158 832.00136058
335.35999162 832.32136057
330.55999174 832.64136056
331.8399917 832.64136056
339.51999151 832.96136056
358.07999105 832.96136056
357.75999106 832.96136056
333.43999166 833.28136055
323.19999192 833.28136055
345.27999137 833.28136055
322.23999194 833.28136055
347.8399913 833.28136055
359.35999102 833.60136054
327.67999181 833.60136054
352.31999119 833.92136053
346.23999134 833.92136053
331.8399917 834.24136052
352.63999118 834.56136052
342.71999143 834.56136052
345.27999137 834.88136051
319.999992 835.2013605
324.47999189 835.84136048
371.8399907 835.84136048
335.03999162 837.12136045
343.03999142 837.12136045
333.75999166 837.12136045
342.39999144 837.12136045
342.39999144 837.44136044
342.39999144 837.12136045
356.1599911 837.44136044
342.07999145 838.40136042
331.8399917 838.72136041
334.39999164 838.72136041
341.11999147 839.3613604
345.91999135 839.68136039
331.19999172 840.32136037
341.43999146 841.60136034
357.11999107 841.60136034
344.31999139 841.92136033
342.07999145 841.92136033
282.55999294 841.92136033
347.51999131 842.24136032
339.51999151 842.24136032
341.75999146 842.56136032
327.03999182 842.56136032
359.999991 842.56136032
345.91999135 843.2013603
345.91999135 843.52136029
336.95999158 843.2013603
340.47999149 843.52136029
344.31999139 843.84136028
351.35999122 844.80136026
358.07999105 846.08136023
359.999991 846.72136021
343.9999914 847.68136019
352.95999118 849.28136015
359.03999102 849.60136014
339.8399915 849.92136013
360.63999098 849.92136013
341.43999146 851.84136008
362.23999094 852.16136008
351.9999912 854.72136001
352.31999119 855.04136
351.9999912 856.32135997
367.9999908 856.96135996
350.39999124 858.24135992
367.67999081 858.56135992
375.67999061 859.52135989
351.9999912 861.44135984
333.75999166 861.76135984
354.87999113 863.68135979
365.75999086 864.64135976
343.35999142 867.52135969
357.43999106 868.48135967
370.23999074 869.76135964
373.43999066 870.72135961
359.67999101 871.0413596
377.91999055 872.64135956
365.43999086 872.96135956
366.39999084 874.56135952
356.79999108 877.76135944
376.95999058 881.28135935
358.71999103 883.84135928
369.91999075 893.12135905
385.27999037 913.28135855
