# BHSR rates from Fig. 5, https://arxiv.org/pdf/1004.3558.pdf
# Columns: Grav. coupling alpha = rg*mu = GN*M*mu | SR rate Gamma*rg 
3.0726237e-1 1.5122483e-16
3.2680829e-1 3.4934608e-16
3.4220811e-1 7.0223644e-16
3.5879252e-1 1.4288010e-15
3.7715384e-1 3.0144494e-15
3.9729206e-1 6.4905465e-15
4.1802258e-1 1.3321807e-14
4.3875310e-1 2.6629641e-14
4.6126052e-1 5.6078477e-14
4.8613715e-1 1.1829434e-13
5.1219837e-1 2.4534983e-13
5.3944420e-1 5.0107461e-13
5.6905923e-1 1.0259925e-12
6.0075972e-1 2.2487408e-12
6.3395338e-1 4.6453677e-12
6.7124349e-1 9.6964614e-12
7.0824987e-1 1.9867503e-11
7.4497250e-1 3.7494189e-11
7.8169514e-1 6.7568993e-11
8.1841777e-1 1.1631010e-10
8.5514041e-1 1.9178328e-10
8.9186305e-1 3.0412984e-10
9.2858568e-1 4.6462695e-10
9.6530832e-1 6.8304938e-10
1.0020310e+0 9.6848217e-10
1.0387536e+0 1.3213976e-9
1.0754762e+0 1.7363959e-9
1.1121989e+0 2.1931665e-9
1.1489215e+0 2.6580303e-9
1.1856441e+0 3.0735480e-9
1.2223668e+0 3.3754589e-9
1.2590894e+0 3.4660567e-9
1.2898044e+0 3.3733996e-9
1.3314982e+0 2.9540420e-9
1.3692573e+0 2.3230377e-9
1.4059799e+0 1.5905721e-9
1.4427026e+0 8.7834917e-10
1.4660860e+0 5.2050831e-10
1.4671485e+0 1.4860133e-12

