# BHSR rates from Fig. 5, https://arxiv.org/pdf/1004.3558.pdf
# Columns: Grav. coupling alpha = rg*mu = GN*M*mu | SR rate Gamma*rg 
4.8821888e-2 1.8683340e-14
5.3165426e-2 6.0249691e-14
5.5793547e-2 1.2000772e-13
6.1365559e-2 2.5202717e-13
7.0881417e-2 8.7396076e-13
8.0411252e-2 2.4933133e-12
8.9177301e-2 5.7302770e-12
9.7587969e-2 1.2197901e-11
1.0576905e-1 2.3947260e-11
1.1707796e-1 5.4374479e-11
1.2686454e-1 1.1112526e-10
1.4257556e-1 2.7213388e-10
1.5354796e-1 5.1847201e-10
1.6923152e-1 1.0753000e-9
1.8493989e-1 2.2441006e-9
2.0358495e-1 4.7558491e-9
2.2462403e-1 1.0295503e-8
2.4687254e-1 1.9881996e-8
2.7350124e-1 3.9891625e-8
2.9837787e-1 7.0791473e-8
3.2325449e-1 1.1465832e-7
3.4813111e-1 1.6772525e-7
3.5983355e-1 1.9891922e-7
3.7300774e-1 2.2551963e-7
3.9788436e-1 2.6646119e-7
4.2276099e-1 2.6670776e-7
4.3692510e-1 2.4195963e-7
4.4763761e-1 2.0327592e-7
4.6126052e-1 1.4986908e-7
4.6846255e-1 1.1645619e-7
4.7542440e-1 8.5951201e-8
4.8440481e-1 4.7520969e-8
4.8977557e-1 1.7252878e-8
4.9299168e-1 4.8551246e-11

