# BHSR rates from Fig. 5, https://arxiv.org/pdf/1004.3558.pdf
# Columns: Grav. coupling alpha = rg*mu = GN*M*mu | SR rate Gamma*rg 
1.2154324e-1 1.4523058e-16
1.3194140e-1 3.4771522e-16
1.4141821e-1 8.0716574e-16
1.5148732e-1 1.8515489e-15
1.6258516e-1 4.2753187e-15
1.7355831e-1 9.5238785e-15
1.8544589e-1 2.0656846e-14
1.9568206e-1 4.2542270e-14
2.0657128e-1 8.8338880e-14
2.2078649e-1 1.8850874e-13
2.3500170e-1 3.8926217e-13
2.4980922e-1 7.8491305e-13
2.6639363e-1 1.6425220e-12
2.8475495e-1 3.4959402e-12
3.0370857e-1 7.1663723e-12
3.2384679e-1 1.4432821e-11
3.4635421e-1 3.0084904e-11
3.6945393e-1 6.0445856e-11
3.9314596e-1 1.2324267e-10
4.1802258e-1 2.2835622e-10
4.4289921e-1 4.0760810e-10
4.6777583e-1 7.0148589e-10
4.9265246e-1 1.1758699e-9
5.1752908e-1 1.8701990e-9
5.4240570e-1 2.9611917e-9
5.6728233e-1 4.4465781e-9
5.9215895e-1 6.4670897e-9
6.1703558e-1 9.1214349e-9
6.4191220e-1 1.2481631e-8
6.6678883e-1 1.6542574e-8
6.9166545e-1 2.1288933e-8
7.1500906e-1 2.6133738e-8
7.4141870e-1 3.1927546e-8
7.6629532e-1 3.7144629e-8
7.9117195e-1 4.1382840e-8
8.1604857e-1 4.4039546e-8
8.4092520e-1 4.4355428e-8
8.6580182e-1 4.1820085e-8
8.9067844e-1 3.6158517e-8
9.1555507e-1 2.7920361e-8
9.4043169e-1 1.8191446e-8
9.6175451e-1 1.0622045e-8
9.7447657e-1 6.9102139e-9
9.7452188e-1 9.5056357e-11

