# BHSR rates from Fig. 5, https://arxiv.org/pdf/1004.3558.pdf
# Columns: Grav. coupling alpha = rg*mu = GN*M*mu | SR rate Gamma*rg 
5.3057735e-2 8.7498433e-14
5.7264710e-2 1.7359881e-13
6.3328926e-2 4.8782567e-13
7.3797229e-2 1.3406027e-12
7.9058856e-2 2.9660133e-12
8.7733781e-2 6.3757785e-12
9.6736750e-2 1.5297623e-11
1.1449843e-1 5.9421301e-11
1.2855891e-1 1.6141337e-10
1.4347885e-1 3.9097519e-10
1.6037183e-1 8.7637652e-10
1.7960919e-1 1.8796860e-9
1.9768677e-1 3.7682635e-9
2.1960189e-1 7.7879015e-9
2.4651433e-1 1.6340590e-8
2.6876284e-1 2.6330489e-8
2.9446868e-1 4.0155421e-8
3.1871352e-1 5.3110979e-8
3.4235618e-1 6.3088869e-8
3.6708473e-1 6.5458567e-8
3.9391595e-1 5.4392230e-8
4.1920718e-1 3.4370899e-8
4.3993770e-1 1.6618313e-8
4.5356062e-1 7.6911376e-9
4.6303743e-1 3.6521408e-9
4.7234644e-1 1.3119664e-9
4.7809899e-1 1.0957148e-11
4.7897503e-1 5.9832565e-14

