# BHSR rates from Fig. 5, https://arxiv.org/pdf/1004.3558.pdf
# Columns: Grav. coupling alpha = rg*mu = GN*M*mu | SR rate Gamma*rg 
3.0311627e-1 1.3000871e-16
3.1970069e-1 3.0011945e-16
3.3746970e-1 6.2096082e-16
3.5379520e-1 1.3125183e-15
3.7215652e-1 2.7924415e-15
3.9051784e-1 5.5686876e-15
4.1034750e-1 1.1193949e-14
4.3167032e-1 2.3322068e-14
4.5564608e-1 4.9139615e-14
4.8080644e-1 1.0146620e-13
5.0627537e-1 2.0855914e-13
5.3352120e-1 4.3132716e-13
5.6488830e-1 8.9363520e-13
5.9950066e-1 1.8071119e-12
6.3181827e-1 3.3332500e-12
6.6653498e-1 6.0045335e-12
7.0316047e-1 1.0619143e-11
7.3932287e-1 1.7501269e-11
7.7788749e-1 2.7999486e-11
8.1394860e-1 4.0657051e-11
8.5149886e-1 5.6695352e-11
8.8718105e-1 7.3574900e-11
9.2389284e-1 9.0477435e-11
9.6246527e-1 1.0470018e-10
9.9878889e-1 1.1292578e-10
1.0362896e+0 1.1287961e-10
1.0750024e+0 1.0392658e-10
1.1111920e+0 8.7900307e-11
1.1474737e+0 6.6678308e-11
1.1854546e+0 4.3872697e-11
1.2210188e+0 2.5574444e-11
1.2561279e+0 1.2310857e-11
1.2845583e+0 5.8020596e-12
1.3058812e+0 2.8698288e-12
1.3236502e+0 1.4171579e-12
1.3396423e+0 6.6987381e-13
1.3538575e+0 3.1096887e-13
1.3662958e+0 1.4562657e-13
1.3769572e+0 6.7465401e-14
1.3864340e+0 3.3251458e-14
1.3953185e+0 1.5433771e-14
1.4036107e+0 6.9629949e-15
1.4113107e+0 3.1504792e-15
1.4178260e+0 1.5242485e-15
1.4236305e+0 6.4696149e-16
1.4295403e+0 2.4258490e-16
1.4324360e+0 1.2700157e-16

