# BHSR rates from Fig. 5, https://arxiv.org/pdf/1004.3558.pdf
# Columns: Grav. coupling alpha = rg*mu = GN*M*mu | SR rate Gamma*rg 
1.1891512e-1 1.4523058e-16
1.2756120e-1 3.4771522e-16
1.4623108e-1 1.8515489e-15
1.6917811e-1 9.5238785e-15
1.7801444e-1 1.8440577e-14
1.9235606e-1 4.2819190e-14
2.0538667e-1 9.4083283e-14
2.1900959e-1 1.7931213e-13
2.3144790e-1 4.0053214e-13
2.4684771e-1 7.9429716e-13
2.6520903e-1 1.7171621e-12
2.8416265e-1 3.9884696e-12
3.0607777e-1 8.6668829e-12
3.3036210e-1 1.9805168e-11
3.5523872e-1 3.9679385e-11
3.8011535e-1 8.0264723e-11
4.0586801e-1 1.5504413e-10
4.3424880e-1 2.7577345e-10
4.5737334e-1 4.3561049e-10
4.8312600e-1 6.8425214e-10
5.0481020e-1 9.6567264e-10
5.3055969e-1 1.3434061e-9
5.5571505e-1 1.8250692e-9
5.8087040e-1 2.3478429e-9
6.0496745e-1 2.8657370e-9
6.2947389e-1 3.3537788e-9
6.5671972e-1 3.7722883e-9
6.8455784e-1 3.9980984e-9
7.1298827e-1 3.9301621e-9
7.4082640e-1 3.5514359e-9
7.6708506e-1 2.9446390e-9
7.9285533e-1 2.2107587e-9
8.1841777e-1 1.4667577e-9
8.4329440e-1 8.4480317e-10
8.6698642e-1 4.1001482e-10
8.8534774e-1 1.9311149e-10
8.9956295e-1 9.4429269e-11
9.1259357e-1 4.1012925e-11
9.2325498e-1 1.8360134e-11
9.3213949e-1 8.3726324e-12
9.3983939e-1 3.8261427e-12
9.4618547e-1 1.6560183e-12
9.5094503e-1 7.9137791e-13
9.5405461e-1 3.2482258e-13
9.5481614e-1 1.2739760e-13
9.5549305e-1 4.9022495e-14
9.5609475e-1 1.5630249e-14
9.5583151e-1 5.5117828e-15
9.5583151e-1 2.7814373e-15

